2014-12-06 02,17,4245,4244
2014-12-09 20,11,5894,3308
2014-12-18 11,1,2883,652
2014-12-06 10,5,6562,1146
2014-12-16 21,5,13926,13722
2014-12-03 20,6,3979,2071
2014-12-13 20,8,9559,7000
2014-11-27 16,4,10875,3714
2014-12-11 23,10,3064,456
2014-12-05 23,20,2158,2099
2014-12-08 17,17,4923,595
2014-12-13 21,10,3424,2145
2014-12-01 13,14,552,440
2014-12-12 11,12,10984,10003
2014-12-11 19,3,6513,1104
2014-11-20 23,2,13103,3833
2014-12-14 12,18,4370,170
2014-12-09 16,12,11639,11527
2014-11-26 11,2,5204,2633
2014-11-21 12,3,1308,698
2014-12-12 12,14,1863,611
2014-12-08 21,12,7876,4198
2014-11-28 09,10,14018,6398
2014-12-05 11,14,5894,5322
2014-11-23 21,6,12536,5807
2014-11-29 09,19,9516,2415
2014-11-25 19,15,10703,4851
2014-12-05 23,19,3783,1368
2014-12-15 14,12,1863,106
2014-12-16 21,15,13230,12778
2014-12-01 13,8,552,135
2014-12-17 20,20,4700,4515
2014-12-15 15,14,10314,7639
2014-12-18 21,20,11406,11129
2014-12-04 21,20,6512,521
2014-11-24 20,4,10703,2135
2014-12-11 23,15,5399,1538
2014-11-26 13,20,3431,1853
2014-12-18 14,1,9829,9408
2014-12-11 08,4,7876,2122
2014-11-25 02,18,2993,2943
2014-12-15 20,5,6000,2734
2014-12-07 20,13,1121,589
2014-12-14 23,19,9516,2460
2014-11-25 20,9,10703,10062
2014-12-05 23,10,2158,1665
2014-11-19 11,9,3431,2678
2014-12-14 17,14,10431,1409
2014-11-24 12,6,1126,271
2014-12-17 01,4,13619,6139
2014-12-05 08,17,10523,1376
2014-12-18 21,14,11406,3840
2014-11-24 19,2,5689,1862
2014-11-24 19,8,10703,6088
2014-12-12 23,1,10984,6117
2014-12-15 18,17,4923,2986
2014-12-17 12,4,1863,636
2014-12-11 00,13,7876,6516
2014-12-16 12,11,2254,238
2014-12-04 10,9,9614,5362
2014-12-14 00,6,8656,2708
2014-12-08 08,3,12141,749
2014-12-17 11,4,1674,985
2014-12-06 20,9,5399,3692
2014-12-08 17,7,4923,1688
2014-12-16 12,15,13230,10022
2014-12-16 22,10,329,138
2014-12-17 10,13,2254,1986
2014-12-05 08,19,10523,722
2014-12-12 22,19,5232,2823
2014-11-23 20,17,7727,3566
2014-12-09 19,12,10213,6694
2014-12-14 11,2,1606,598
2014-11-24 18,8,3431,3186
2014-12-14 13,11,10431,5837
2014-12-08 21,10,7876,3158
2014-12-14 19,15,13230,4494
2014-12-04 09,17,9614,9098
2014-12-13 22,14,6516,3478
2014-12-18 19,14,5399,2302
2014-12-13 19,9,12143,3209
2014-12-10 09,9,8179,7010
2014-11-19 11,16,1098,717
2014-12-17 17,2,2513,2053
2014-11-24 12,3,1126,219
2014-11-19 17,15,2254,2120
2014-12-04 10,10,9614,1162
2014-12-13 22,18,11541,884
2014-12-06 09,12,9516,5577
2014-11-24 21,5,12488,7081
2014-12-16 19,19,2158,1728
2014-11-22 16,17,12221,11337
2014-12-13 12,8,3424,1485
2014-11-28 17,9,3381,1727
2014-12-14 19,5,3424,1699
2014-12-12 21,12,10585,1588
2014-12-13 23,8,8656,628
2014-12-07 08,13,6513,4078
2014-12-15 12,19,11956,5684
2014-11-23 23,2,5894,1195
2014-12-17 10,19,1863,1585
2014-12-12 21,2,1863,1326
2014-12-05 13,5,11652,10903
2014-12-14 19,7,3424,2893
2014-12-04 10,1,9614,8759
2014-12-14 00,3,8656,4017
2014-12-02 21,18,12141,11690
2014-12-15 12,8,11956,6302
2014-12-03 20,2,12268,497
2014-12-15 14,12,1863,1692
2014-12-17 16,14,7195,4204
2014-12-04 20,6,11652,4317
2014-11-28 13,2,3424,1679
2014-12-12 22,20,10585,7355
2014-12-14 01,17,13846,731
2014-11-18 19,8,9516,3376
2014-12-17 12,9,11991,10871
2014-12-11 23,18,5399,3006
2014-12-12 14,17,3368,2118
2014-12-16 09,18,10431,5075
2014-11-28 17,11,3381,1366
2014-11-25 13,18,4076,1891
2014-12-12 22,3,10585,4885
2014-12-14 13,15,13846,10537
2014-12-05 23,6,552,238
2014-12-15 17,6,2040,1294
2014-12-06 00,1,14033,2820
2014-12-12 14,5,3368,611
2014-12-12 12,17,1863,719
2014-12-12 18,11,437,220
2014-12-18 15,3,3424,1930
2014-12-12 21,19,10585,6464
2014-12-14 00,12,13846,874
2014-12-07 15,20,11904,9788
2014-11-28 21,1,5027,1452
2014-12-10 08,15,8179,520
2014-12-11 16,12,3431,802
2014-12-14 20,19,10431,4313
2014-12-16 19,14,9807,9785
2014-11-25 12,17,4076,1489
2014-12-05 09,7,1483,1278
2014-11-20 21,6,13928,1178
2014-12-14 23,17,13335,12810
2014-12-17 10,6,10079,4376
2014-12-14 11,17,1606,1479
2014-11-23 12,12,4830,3790
2014-12-14 19,18,10431,6212
2014-12-01 13,19,3381,2151
2014-11-25 13,9,4076,2948
2014-12-09 09,17,3760,1774
2014-12-13 23,20,8656,2985
2014-12-08 08,6,11904,2566
2014-12-17 11,3,10079,1635
2014-12-10 10,11,2158,181
2014-12-12 14,17,3368,1604
2014-12-16 09,15,10431,7873
2014-12-17 20,13,10049,3544
2014-12-14 19,15,3424,1212
2014-12-01 13,8,675,585
2014-12-14 00,15,8656,3892
2014-11-18 20,4,5399,2128
2014-12-17 11,16,10079,9147
2014-12-10 09,15,8179,2470
2014-12-12 14,8,3368,1785
2014-12-16 12,12,10431,2367
2014-12-16 22,4,329,159
2014-12-14 19,1,3424,2946
2014-12-06 20,11,3628,3132
2014-12-06 00,18,2777,649
2014-12-07 08,8,10533,6070
2014-12-16 17,19,10079,701
2014-12-03 20,18,5894,2161
2014-12-16 11,10,13823,13639
2014-12-16 10,9,10431,10145
2014-11-24 17,18,3662,2627
2014-11-28 13,8,3424,586
2014-12-15 15,18,2993,1202
2014-11-29 15,11,6516,289
2014-12-08 14,7,12141,3028
2014-12-17 12,4,11991,2570
2014-11-23 23,1,4370,1683
2014-12-11 14,17,12221,1877
2014-12-13 22,8,1863,1526
2014-12-12 16,5,4370,526
2014-11-24 15,16,3783,398
2014-12-03 11,4,12090,1239
2014-12-13 23,5,8656,7662
2014-12-08 08,13,3252,3032
2014-12-16 16,13,5844,536
2014-11-23 18,10,12220,12214
2014-11-24 13,3,11241,3487
2014-12-14 20,2,10431,10229
2014-12-12 17,4,4370,1568
2014-12-09 20,11,5894,3458
2014-12-11 12,18,9614,7679
2014-11-26 22,17,5809,1165
2014-11-21 14,6,5399,882
2014-12-15 15,2,11991,7322
2014-12-15 14,20,6512,1282
2014-11-19 11,10,1098,586
2014-12-12 11,19,1863,1423
2014-12-08 17,1,6648,1182
2014-12-17 09,2,9372,3152
2014-12-03 11,12,12090,1627
2014-11-20 19,4,5809,2838
2014-12-14 23,18,13335,11170
2014-12-18 22,9,9155,7995
2014-11-23 18,8,12220,7381
2014-12-12 17,11,3368,1583
2014-12-17 07,5,1863,757
2014-12-12 17,10,10392,1143
2014-12-09 20,19,5894,2885
2014-12-11 12,15,9614,4387
2014-12-11 12,6,12090,9793
2014-12-06 09,20,9516,5847
2014-12-18 22,20,9155,3909
2014-11-22 13,3,8179,2847
2014-12-12 16,12,12221,8770
2014-12-14 18,18,10431,6502
2014-12-13 21,19,9247,3343
2014-12-09 19,17,11991,10679
2014-12-09 15,10,2993,641
2014-11-27 17,9,12090,8310
2014-12-01 20,5,5399,3061
2014-12-18 22,1,9155,1323
2014-11-23 18,7,12220,1104
2014-12-11 13,4,11241,1231
2014-12-14 20,10,10431,1431
2014-12-12 18,15,5399,2725
2014-11-18 13,13,5027,1389
2014-11-29 15,15,2993,2884
2014-12-11 12,9,12090,11918
2014-12-04 22,6,12141,10486
2014-12-18 22,5,9155,701
2014-12-18 22,9,11952,10680
2014-11-19 10,17,12221,4086
2014-12-16 11,3,10431,6837
2014-11-23 16,7,10654,8316
2014-12-09 13,9,5894,5095
2014-12-15 15,14,2993,1890
2014-11-29 15,6,6516,2842
2014-12-08 08,18,12141,7289
2014-12-11 06,18,7467,5011
2014-12-16 19,16,13598,3614
2014-12-16 11,19,492,209
2014-12-16 09,5,10431,9943
2014-12-06 18,18,5399,4653
2014-12-12 12,6,5027,3029
2014-12-11 17,20,552,134
2014-12-11 19,11,12090,8007
2014-12-15 18,3,13230,10919
2014-12-14 09,3,9155,8378
2014-11-23 18,7,12220,8817
2014-11-23 17,2,11241,2945
2014-12-16 11,20,10431,5304
2014-12-12 17,9,4370,1844
2014-11-19 12,19,5027,4482
2014-11-23 13,5,2993,1955
2014-11-29 14,15,6516,1590
2014-12-08 08,8,12141,5607
2014-12-18 10,13,7467,782
2014-11-22 15,17,8179,6054
2014-11-19 12,7,3960,3851
2014-12-14 21,20,10431,3594
2014-11-22 09,14,4370,1181
2014-12-15 00,20,5232,4748
2014-12-11 17,4,552,522
2014-12-11 19,14,12090,5730
2014-12-05 14,14,13230,1217
2014-12-16 16,17,5844,4197
2014-12-15 22,8,13598,738
2014-12-08 18,5,13823,1813
2014-12-16 22,20,3544,835
2014-12-06 17,10,1083,798
2014-12-10 06,12,11991,1906
2014-12-11 17,5,3673,1667
2014-11-29 17,12,6516,590
2014-12-15 18,1,13230,2871
2014-12-17 12,6,5844,5120
2014-11-23 23,19,10662,7701
2014-11-19 12,5,3960,880
2014-12-14 19,18,10431,9401
2014-12-06 17,3,1083,807
2014-12-09 19,19,11991,9731
2014-11-29 15,8,2993,2048
2014-12-11 19,5,12090,300
2014-12-07 08,5,13230,1130
2014-12-11 12,2,12553,8367
2014-11-23 23,9,10662,6909
2014-12-11 13,10,3960,1572
2014-12-17 17,17,3064,1094
2014-12-06 17,19,1083,582
2014-12-17 07,18,9372,720
2014-12-03 22,17,6945,5332
2014-11-29 15,6,6516,4304
2014-12-18 14,5,5027,3893
2014-12-12 09,7,7467,4387
2014-11-24 20,1,8179,6422
2014-12-11 15,2,10236,2475
2014-12-14 20,7,10431,9029
2014-12-12 17,20,1083,677
2014-12-09 20,2,5027,4381
2014-12-10 14,6,12855,8882
2014-11-25 21,18,6516,5904
2014-11-24 19,15,13230,1484
2014-12-17 11,12,9001,8630
2014-12-15 22,11,13598,5400
2014-11-19 12,9,3960,3020
2014-12-16 21,1,9559,5251
2014-12-08 17,5,6648,4190
2014-11-29 14,15,1863,1295
2014-11-22 20,7,12230,11828
2014-11-29 15,7,6516,163
2014-12-05 14,3,13230,8754
2014-12-11 06,9,7467,2058
2014-11-22 15,16,8179,2539
2014-11-19 12,1,3960,3036
2014-12-14 20,10,10431,681
2014-12-06 17,8,1083,984
2014-12-14 16,10,5027,4723
2014-12-13 18,7,11552,10652
2014-12-16 19,18,1877,200
2014-11-25 10,16,9752,3163
2014-12-11 12,1,12553,8980
2014-12-11 23,6,5399,661
2014-12-12 16,7,3064,2315
2014-12-16 11,8,10431,7738
2014-12-08 17,1,6648,439
2014-12-01 21,6,5894,4688
2014-11-28 20,16,11552,3575
2014-11-25 21,7,6516,1449
2014-12-14 18,11,13230,3876
2014-12-12 09,11,7467,1053
2014-12-01 22,4,438,306
2014-12-12 00,14,3064,1866
2014-12-14 20,11,10431,5266
2014-12-12 15,8,1083,525
2014-12-04 20,9,1863,1588
2014-12-15 16,1,6986,3687
2014-11-18 15,13,1877,875
2014-12-09 15,4,13230,8952
2014-12-11 12,1,7467,6971
2014-11-18 23,9,8179,6788
2014-11-23 11,15,4431,663
2014-12-14 13,8,10431,2045
2014-12-06 16,1,5894,2233
2014-11-19 21,20,9516,9212
2014-11-22 20,1,11552,7475
2014-11-29 15,12,6516,6025
2014-11-18 19,4,13230,8309
2014-12-17 12,11,3381,2924
2014-12-18 23,18,8888,7040
2014-11-21 18,6,1508,381
2014-12-14 18,16,10431,9081
2014-12-12 10,3,451,195
2014-11-19 06,16,5232,4067
2014-12-03 20,14,4931,4531
2014-12-12 23,14,5232,1443
2014-12-05 14,7,5027,2211
2014-12-16 15,13,5844,3780
2014-11-18 23,14,8179,1183
2014-11-21 18,4,1508,394
2014-12-15 12,11,10431,8713
2014-12-12 15,3,1083,644
2014-12-18 21,5,9516,3413
2014-11-29 20,14,13729,3984
2014-11-29 15,6,6516,2753
2014-11-25 22,9,508,417
2014-12-18 11,20,2708,903
2014-12-11 23,3,5399,684
2014-11-20 12,4,13823,8050
2014-12-16 09,10,10431,6716
2014-12-14 08,9,1083,574
2014-12-11 21,8,3156,1838
2014-12-01 12,2,2610,2166
2014-11-30 23,2,6516,3647
2014-12-09 19,6,13230,6731
2014-12-07 07,11,12553,3117
2014-12-12 12,13,1838,1089
2014-12-12 14,16,3397,2949
2014-11-23 14,13,6717,1468
2014-12-12 16,20,6513,6155
2014-12-18 21,6,9516,7414
2014-12-13 18,10,11552,10134
2014-12-13 22,16,6516,1738
2014-12-07 21,7,989,866
2014-11-24 21,4,552,279
2014-12-12 12,17,1838,1022
2014-11-19 12,10,12221,2918
2014-11-23 13,18,11774,3949
2014-12-17 20,15,2953,334
2014-12-18 21,2,9516,8535
2014-11-18 17,11,4296,142
2014-12-07 20,2,8300,1419
2014-12-15 18,15,989,332
2014-12-08 09,16,552,218
2014-12-18 18,11,8888,957
2014-11-19 12,5,3397,2694
2014-12-11 21,8,9444,808
2014-12-08 17,8,6648,4037
2014-11-27 23,11,9516,4619
2014-12-13 18,11,11552,5142
2014-12-14 22,20,4984,2633
2014-12-18 14,12,5027,2362
2014-12-08 09,13,552,549
2014-11-18 23,13,8179,5301
2014-11-19 12,7,3397,3375
2014-12-18 12,19,606,359
2014-12-14 22,12,5027,4463
2014-12-08 00,2,2431,432
2014-11-21 20,7,8095,4969
2014-12-17 16,18,4984,3318
2014-12-05 14,18,508,344
2014-12-08 15,11,8368,3425
2014-11-29 19,18,8179,2310
2014-12-09 14,2,12221,4026
2014-12-11 21,18,9444,7066
2014-12-05 18,18,5027,483
2014-11-19 13,3,12194,8573
2014-11-18 17,7,4296,3080
2014-12-14 01,10,4984,2339
2014-12-05 14,1,5027,1145
2014-11-24 21,10,5027,1728
2014-12-12 12,15,1838,986
2014-12-11 15,16,10236,163
2014-11-29 18,17,1442,1389
2014-11-28 17,1,12488,4625
2014-11-27 20,11,5027,3998
2014-12-01 21,20,10894,1623
2014-12-13 22,17,8300,3720
2014-11-26 13,1,989,545
2014-12-01 20,13,10043,7868
2014-12-17 21,15,1838,1428
2014-11-20 10,5,13823,6885
2014-12-18 12,1,13186,7327
2014-12-05 17,2,5027,4457
2014-12-15 06,14,5232,3421
2014-12-13 12,6,10894,4518
2014-12-13 21,15,8300,5820
2014-12-07 07,13,5027,4489
2014-12-15 16,13,3381,1884
2014-12-18 22,19,8888,1968
2014-12-16 14,2,10242,2579
2014-11-28 10,7,8854,905
2014-12-12 16,13,5027,374
2014-12-17 13,9,5689,4337
2014-12-01 12,13,12090,9583
2014-12-13 00,3,4984,4314
2014-12-11 21,7,232,200
2014-12-17 11,10,11991,10454
2014-11-23 23,9,8179,1351
2014-11-21 17,9,10236,10217
2014-12-11 21,4,9444,417
2014-12-17 20,1,5027,4451
2014-12-11 06,16,12680,7488
2014-11-30 19,8,1838,1380
2014-12-07 19,3,8300,4151
2014-12-09 19,2,5027,3945
2014-12-18 11,16,9559,3466
2014-11-23 23,9,8179,560
2014-11-20 17,11,12630,9820
2014-11-28 10,17,8854,1269
2014-12-12 16,20,5027,332
2014-11-21 12,11,5894,517
2014-11-19 21,4,3381,2169
2014-12-13 21,14,4984,2965
2014-12-07 00,6,232,220
2014-12-18 11,15,9559,1155
2014-12-18 22,7,8888,3943
2014-11-21 18,9,12630,9027
2014-12-18 12,4,5600,2188
2014-12-04 20,8,9156,9025
2014-11-21 20,6,5894,4702
2014-11-30 19,9,1838,270
2014-12-17 17,5,4984,1131
2014-12-03 21,8,4520,3173
2014-12-17 12,17,3381,768
2014-11-22 13,20,8179,2686
2014-11-20 16,4,12630,8875
2014-12-16 10,6,5686,4037
2014-12-12 16,3,5027,272
2014-12-10 12,2,5027,2998
2014-11-29 20,16,8095,465
2014-12-13 23,15,4984,4274
2014-12-08 14,1,1863,1059
2014-12-17 12,18,11991,3356
2014-11-18 22,18,8179,4123
2014-11-18 19,10,12221,8690
2014-12-11 21,7,9444,4271
2014-12-17 20,1,5399,3093
2014-11-20 12,3,8802,3262
2014-11-22 12,20,13425,9541
2014-12-13 21,20,8300,7923
2014-12-02 21,16,5027,3201
2014-12-17 11,2,11991,8617
2014-12-12 11,10,5271,100
2014-11-26 13,11,5867,1382
2014-12-11 21,19,9444,5426
2014-12-05 17,10,5027,3250
2014-11-19 11,10,5232,4665
2014-12-12 20,13,3381,2795
2014-12-13 22,16,8300,6799
2014-11-25 22,11,5395,3750
2014-12-17 12,8,11991,9085
2014-12-03 19,15,2825,1428
2014-11-23 10,8,10236,2147
2014-12-12 11,16,10569,6555
2014-12-06 18,10,5027,3915
2014-11-25 12,14,5894,4059
2014-12-11 19,16,5581,2484
2014-11-21 00,13,660,490
2014-12-09 12,4,5395,2756
2014-12-17 12,5,11991,6437
2014-11-22 13,9,8179,1133
2014-12-11 12,9,12221,9388
2014-11-25 19,13,11447,8826
2014-12-06 16,8,5027,3278
2014-12-01 21,11,5894,3941
2014-12-13 17,5,8095,2666
2014-12-12 00,19,12141,8694
2014-12-03 18,3,2825,2139
2014-12-17 12,2,3381,2400
2014-11-29 19,3,8179,617
2014-11-24 16,16,5867,1907
2014-12-02 22,11,2254,2248
2014-12-12 16,9,5027,897
2014-11-19 19,9,5894,5333
2014-11-27 13,5,2883,1368
2014-12-12 00,5,12141,7486
2014-11-24 19,14,3032,683
2014-12-05 15,20,3673,2002
2014-11-18 23,14,8179,3565
2014-11-30 10,9,12862,11221
2014-12-12 11,19,3368,2886
2014-12-08 18,15,12407,2280
2014-12-08 17,2,3662,1366
2014-12-01 12,9,11552,1523
2014-11-22 15,16,14080,8546
2014-11-24 19,1,3032,237
2014-12-17 12,18,11991,2128
2014-12-12 23,13,8771,2463
2014-12-17 09,12,3111,305
2014-11-23 14,12,4247,1129
2014-12-05 17,10,1863,109
2014-11-21 13,18,5894,3192
2014-11-22 18,20,6526,6064
2014-12-18 22,11,4984,836
2014-12-02 10,8,5027,1923
2014-12-17 19,15,11991,2160
2014-12-01 23,10,8179,3512
2014-11-24 12,14,11241,3156
2014-12-02 22,4,2254,1574
2014-11-24 12,14,12685,11402
2014-11-19 19,15,5894,2041
2014-11-27 15,19,2415,1935
2014-11-23 00,20,9721,6798
2014-12-18 13,10,1863,1036
2014-12-11 12,16,3673,2165
2014-12-01 23,5,8179,2319
2014-12-17 09,15,3111,2235
2014-12-12 11,14,11589,515
2014-11-23 16,13,12685,10993
2014-12-09 16,4,316,179
2014-12-08 17,4,4931,2580
2014-12-17 13,14,4984,4283
2014-12-16 17,5,5894,4488
2014-12-12 06,6,10703,10153
2014-12-05 23,3,8179,2882
2014-12-11 11,6,3064,1644
2014-11-30 07,20,6228,252
2014-12-17 20,15,5399,4310
2014-11-22 14,6,292,143
2014-11-27 13,13,2883,2287
2014-11-23 00,1,9721,2106
2014-11-24 19,3,5027,3538
2014-12-12 11,13,3381,2038
2014-12-13 20,4,8771,6691
2014-12-12 00,1,3064,2873
2014-12-06 16,16,5002,2234
2014-11-24 16,10,5399,5201
2014-11-20 13,1,13230,9830
2014-12-01 22,13,2883,2750
2014-12-09 07,16,6513,6059
2014-12-01 20,3,10661,8644
2014-12-11 12,5,3673,3576
2014-12-06 23,2,3660,566
2014-12-12 01,18,11241,2404
2014-11-23 13,7,13224,4914
2014-11-24 16,6,2825,1966
2014-12-05 17,12,9784,5391
2014-11-30 23,15,4931,4495
2014-12-14 01,20,4984,4563
2014-11-24 21,12,4370,2852
2014-12-12 06,1,10703,2202
2014-12-18 22,13,13500,1615
2014-12-02 11,20,3064,755
2014-11-23 13,14,13224,7887
2014-12-06 17,13,2825,2485
2014-12-09 13,12,5894,2864
2014-12-08 17,10,4584,1190
2014-12-17 17,4,4984,4949
2014-12-18 13,14,1863,870
2014-12-05 15,5,11279,10131
2014-12-18 22,8,10412,1114
2014-12-16 15,14,3111,1733
2014-11-29 18,1,12111,10835
2014-12-17 20,19,5689,3297
2014-12-09 16,17,11279,2855
2014-12-01 21,16,4584,3639
2014-11-23 00,2,3184,361
2014-12-08 21,16,2825,2059
2014-12-12 06,11,10703,8447
2014-12-18 22,12,10412,8007
2014-11-19 12,14,4651,1825
2014-12-06 20,17,732,117
2014-11-24 16,15,12685,5441
2014-11-23 06,19,8802,3953
2014-11-25 17,8,2415,1989
2014-12-18 22,19,4984,1222
2014-12-01 22,9,2825,1619
2014-12-05 09,18,3472,2365
2014-12-12 00,4,5623,562
2014-11-21 18,9,1385,1184
2014-12-06 17,15,732,680
2014-12-04 20,2,13025,6148
2014-12-01 21,10,5894,3434
2014-11-22 20,17,2883,2765
2014-12-18 20,7,4984,1923
2014-12-17 22,11,5689,2810
2014-12-13 19,6,10703,1831
2014-12-12 00,6,5623,4981
2014-11-26 14,12,242,188
2014-11-29 18,18,12111,3071
2014-11-24 12,11,12685,4570
2014-12-12 22,1,13230,1995
2014-12-01 21,13,4584,1133
2014-11-22 15,14,12819,10419
2014-12-07 15,6,10661,3024
2014-12-05 09,19,8723,5548
2014-11-27 09,15,7767,7440
2014-12-09 12,2,3064,592
2014-12-06 16,1,732,290
2014-12-17 20,7,5749,2264
2014-11-21 08,11,8802,4622
2014-11-27 12,15,2883,2878
2014-12-14 20,10,4984,4366
2014-12-09 11,15,10661,4360
2014-12-15 16,8,4739,1957
2014-11-26 23,1,7767,7535
2014-11-21 13,7,11241,4952
2014-12-09 06,14,732,212
2014-12-17 20,8,5749,5590
2014-11-20 06,8,5571,2908
2014-11-27 13,18,2883,2783
2014-11-23 00,10,12819,6564
2014-11-20 23,1,10661,2862
2014-12-05 09,13,8723,6678
2014-12-08 14,12,7767,5100
2014-11-30 14,2,12862,10830
2014-12-06 17,7,732,333
2014-12-13 20,13,9516,9476
2014-12-16 18,13,6054,949
2014-11-27 13,4,2883,1154
2014-12-07 11,2,13919,9130
2014-11-20 23,7,10661,3695
2014-12-15 16,2,4739,3539
2014-12-08 22,3,5623,5407
2014-11-30 16,10,12862,12582
2014-11-30 11,18,12111,7676
2014-12-12 18,3,5027,2447
2014-11-23 07,16,8802,8533
2014-11-21 20,17,8771,2463
2014-12-15 21,1,1408,151
2014-12-08 12,4,874,474
2014-12-12 09,7,10703,6790
2014-12-08 22,17,5623,1071
2014-11-26 14,11,242,230
2014-12-16 11,2,3472,1497
2014-11-23 17,15,12685,2856
2014-12-16 16,9,6054,2791
2014-11-27 12,9,2883,1621
2014-12-17 18,20,4984,2373
2014-12-06 09,16,10661,7038
2014-12-17 14,17,11279,9584
2014-12-13 22,11,7639,3657
2014-11-18 19,6,3064,2688
2014-11-23 14,14,6375,1921
2014-12-06 16,8,11279,7804
2014-12-13 10,7,11279,1352
2014-12-01 21,12,4584,1979
2014-12-14 01,16,4984,1679
2014-12-08 14,8,5689,4523
2014-12-17 14,3,11279,8172
2014-12-13 22,10,7639,2795
2014-11-30 16,1,12862,774
2014-12-05 11,16,2342,913
2014-12-13 20,5,9516,9175
2014-12-18 21,19,6054,4309
2014-12-09 13,9,2883,290
2014-12-14 01,9,4984,266
2014-12-09 19,18,10661,4582
2014-12-12 07,19,10703,1922
2014-12-03 19,9,8874,1995
2014-11-19 13,19,3064,1136
2014-12-16 10,4,2153,1697
2014-11-24 12,2,12685,7570
2014-12-03 13,13,3662,606
2014-11-29 23,12,2415,1422
2014-11-23 00,1,1408,716
2014-12-01 12,2,10392,7188
2014-12-16 17,10,12685,7576
2014-12-18 22,12,12170,8860
2014-11-30 10,20,12862,8125
2014-12-04 19,10,7440,6665
2014-12-12 16,12,5027,1945
2014-11-22 14,6,6576,2979
2014-11-28 16,20,2883,2806
2014-12-06 23,18,552,543
2014-12-09 21,18,10901,9699
2014-12-16 17,13,12685,11194
2014-11-27 00,11,12569,2178
2014-12-10 21,10,12862,11638
2014-11-29 19,18,2153,1952
2014-11-23 17,13,12685,8987
2014-11-23 06,17,8802,163
2014-12-01 21,17,4584,3968
2014-12-09 07,11,552,494
2014-12-15 18,13,10392,2382
2014-12-11 11,7,10703,7107
2014-11-27 00,7,12569,2378
2014-11-26 14,4,292,153
2014-12-16 10,12,2490,1736
2014-11-30 20,4,4640,1653
2014-12-15 00,19,3979,1995
2014-11-21 20,11,8771,6659
2014-12-13 00,16,4984,3956
2014-12-08 12,16,874,313
2014-12-01 07,1,8877,1887
2014-12-08 22,9,12569,3676
2014-12-02 11,2,3064,2260
2014-12-15 16,15,12090,8346
2014-12-12 18,14,5232,4573
2014-12-12 06,1,9516,6149
2014-11-22 20,8,2883,2863
2014-12-11 12,16,3046,2634
2014-11-26 21,10,10901,6903
2014-12-01 07,6,8877,1081
2014-11-27 00,13,12569,5794
2014-11-30 17,8,12862,1681
2014-11-21 12,12,7312,3660
2014-11-30 20,11,4640,624
2014-12-15 00,4,3979,3313
2014-11-22 20,1,2883,119
2014-12-14 01,17,4984,2428
2014-11-25 22,1,10901,4448
2014-12-05 12,14,6344,5076
2014-11-22 12,2,4230,3669
2014-12-08 18,17,292,159
2014-11-21 12,11,7312,3275
2014-12-06 18,7,5232,4729
2014-12-18 21,8,9516,6981
2014-12-06 19,2,2883,1368
2014-12-08 19,12,997,398
2014-12-11 23,10,10901,7463
2014-11-26 15,2,6054,484
2014-12-11 23,4,5399,1050
2014-12-09 11,9,8721,899
2014-11-21 12,18,7312,272
2014-11-24 10,5,12685,12426
2014-12-18 21,4,9516,886
2014-11-22 18,4,2883,1467
2014-12-14 00,19,4984,1146
2014-11-24 19,18,10901,10182
2014-11-26 15,7,6054,3079
2014-12-11 23,10,5399,2587
2014-11-26 13,3,292,284
2014-11-21 12,9,7312,2550
2014-12-15 10,6,13514,9994
2014-12-16 12,2,9516,2393
2014-11-22 20,19,2883,333
2014-12-13 20,2,895,123
2014-12-07 08,15,10533,545
2014-12-06 07,19,6054,565
2014-11-29 22,2,14079,10685
2014-11-23 17,12,11241,1503
2014-11-21 12,1,7312,1220
2014-12-12 18,19,5232,1828
2014-12-16 12,3,9516,144
2014-12-09 13,11,2883,118
2014-12-04 23,13,895,725
2014-11-20 23,15,10533,6579
2014-12-11 11,18,1488,1238
2014-11-29 19,17,14079,8723
2014-12-03 16,13,8650,4903
2014-11-22 19,5,14027,13156
2014-11-30 20,7,4640,2446
2014-12-02 22,1,3662,1304
2014-11-22 20,20,2883,1808
2014-12-14 00,2,4984,2467
2014-11-24 20,16,10533,6109
2014-12-13 20,3,4640,3281
2014-11-29 22,18,14079,1482
2014-12-11 14,14,3064,2705
2014-11-22 19,7,14027,1984
2014-11-24 16,11,12685,10147
2014-11-26 06,13,3662,1113
2014-12-06 19,1,2883,1202
2014-12-12 08,13,11279,3859
2014-12-11 23,12,4370,788
2014-11-19 13,2,8291,3560
2014-11-29 21,2,8145,6289
2014-12-05 17,15,9363,2340
2014-11-22 19,18,14027,9513
2014-11-24 17,16,5399,4696
2014-11-26 06,11,3662,1943
2014-12-16 21,4,2883,2199
2014-12-18 21,12,6697,4143
2014-12-08 12,10,874,784
2014-12-17 17,19,4640,593
2014-12-12 23,15,10472,8375
2014-12-11 12,10,3064,2606
2014-12-14 22,18,6344,3518
2014-12-15 10,8,13514,565
2014-11-25 13,10,989,415
2014-11-20 10,14,2883,304
2014-12-17 17,13,4984,2125
2014-11-23 20,11,11135,5721
2014-12-01 08,20,5395,3038
2014-12-05 23,16,8145,5558
2014-12-06 11,6,8650,4246
2014-11-22 19,19,9151,2325
2014-12-15 10,16,13514,2256
2014-11-19 12,7,10392,9624
2014-11-22 12,7,2883,2202
2014-12-17 23,6,4984,2571
2014-12-01 21,3,437,349
2014-11-24 21,7,5027,1253
2014-12-12 23,8,10472,3384
2014-12-08 18,15,11241,3803
2014-12-12 19,4,3156,503
2014-12-06 18,12,4640,3793
2014-11-25 13,4,7911,5416
2014-11-26 18,7,8771,2313
2014-12-17 17,3,4984,4406
2014-12-10 21,3,874,837
2014-12-12 09,1,4640,1028
2014-11-23 18,10,13434,2532
2014-12-11 12,9,4778,3624
2014-12-15 19,2,6344,1810
2014-11-30 20,14,4640,806
2014-12-08 16,7,3662,981
2014-12-07 22,2,10344,8109
2014-12-14 00,3,4984,3261
2014-11-18 19,9,6213,2211
2014-12-15 09,15,5186,4858
2014-12-12 23,20,10472,1805
2014-12-11 12,4,4778,3799
2014-12-05 23,5,6054,182
2014-11-30 21,18,4640,779
2014-12-03 13,17,3662,2918
2014-11-27 12,9,4584,271
2014-12-13 21,15,4984,628
2014-11-18 20,17,10533,6523
2014-12-15 09,2,5186,1667
2014-12-12 16,12,10817,5009
2014-12-11 21,18,3064,147
2014-12-15 22,14,6054,4735
2014-11-30 20,3,4640,1469
2014-12-09 20,14,508,306
2014-11-28 16,18,8771,5445
2014-12-16 19,15,8432,4644
2014-11-18 19,2,6213,4871
2014-12-12 06,18,5363,4258
2014-12-07 00,14,6194,3865
2014-12-08 18,2,292,109
2014-12-14 22,14,6344,252
2014-11-28 17,13,11552,127
2014-11-23 19,6,5399,2603
2014-11-29 19,5,2883,2647
2014-12-14 01,15,4984,4729
2014-12-08 14,7,4370,859
2014-12-12 09,20,4640,950
2014-11-24 18,20,3709,3223
2014-12-11 21,5,11241,4333
2014-12-14 22,10,6344,6090
2014-11-28 17,16,11552,9309
2014-11-27 06,9,5399,1430
2014-11-28 15,1,2883,1033
2014-12-14 20,20,4984,1269
2014-12-10 19,10,10533,9538
2014-12-14 09,8,4640,1931
2014-12-12 16,13,10817,5409
2014-12-09 13,19,3064,365
2014-11-22 20,20,7322,2186
2014-11-23 17,10,12685,5867
2014-12-09 20,11,508,450
2014-11-27 15,4,2415,2310
2014-12-16 19,7,8432,1729
2014-12-02 10,18,10533,9665
2014-12-09 19,19,11552,7347
2014-12-12 16,8,10817,10647
2014-11-26 12,1,3064,2353
2014-12-14 22,9,6344,6259
2014-12-12 17,14,6513,1428
2014-11-26 19,17,5399,3536
2014-12-04 12,3,8771,2466
2014-12-16 19,9,8432,2089
2014-12-08 14,7,7103,5646
2014-12-15 15,17,4640,3543
2014-12-09 17,20,5879,1567
2014-12-12 00,5,3064,1593
2014-11-23 14,3,7322,4499
2014-12-12 16,5,6513,6467
2014-12-14 19,7,508,329
2014-11-29 23,6,2415,948
2014-12-18 19,17,4984,4136
2014-11-25 23,12,4370,3358
2014-12-09 19,3,1834,161
2014-11-30 17,18,970,132
2014-12-09 12,12,3064,2874
2014-12-15 22,4,1308,417
2014-12-12 16,16,6513,5428
2014-11-27 16,20,1396,1168
2014-12-09 13,3,2883,411
2014-12-16 19,11,8432,2614
2014-12-09 15,14,10533,8459
2014-12-13 19,6,4640,4036
2014-12-03 11,14,675,386
2014-12-09 12,18,3064,2191
2014-12-08 15,20,11196,5038
2014-12-16 22,16,9153,9027
2014-11-19 06,7,5399,1649
2014-11-19 21,18,6078,4316
2014-12-16 19,16,8432,276
2014-11-29 22,12,7103,4570
2014-11-26 15,18,3015,709
2014-12-06 16,12,6194,3762
2014-11-18 19,5,3064,543
2014-12-07 11,15,9614,3892
2014-12-08 18,19,8724,6315
2014-12-18 11,4,1863,881
2014-12-11 19,16,4584,4214
2014-12-09 12,14,4984,1561
2014-12-08 14,20,10533,126
2014-11-29 18,9,3015,689
2014-11-22 08,6,6035,3704
2014-12-09 10,2,11241,7361
2014-12-08 15,5,11196,2256
2014-12-16 19,18,1863,1687
2014-12-14 19,18,508,409
2014-12-12 21,11,10344,6107
2014-12-14 00,3,4984,890
2014-12-09 10,10,11279,9022
2014-12-13 20,16,4640,1071
2014-12-15 15,2,5599,3079
2014-11-23 16,16,11241,3848
2014-12-07 11,11,9614,443
2014-12-16 21,19,2420,1886
2014-12-14 19,12,508,299
2014-11-22 20,12,10344,2817
2014-12-14 01,11,4984,3233
2014-11-18 22,19,6513,1093
2014-12-02 16,11,3015,1472
2014-12-13 23,7,5599,3627
2014-12-12 16,1,8721,8448
2014-12-04 22,17,9179,4485
2014-12-16 21,13,2420,2280
2014-12-09 06,15,3662,1151
2014-12-07 21,2,2029,1468
2014-12-17 13,18,4984,3371
2014-12-06 10,2,4370,3619
2014-12-01 19,17,3015,426
2014-11-30 10,6,9354,6739
2014-12-09 11,3,11241,5843
2014-12-15 21,11,7393,3785
2014-12-13 21,4,10984,10025
2014-12-10 12,17,508,471
2014-12-09 18,8,4584,939
2014-12-14 13,20,12889,4389
2014-12-09 15,5,6513,4339
2014-12-13 20,12,4640,989
2014-12-07 12,7,6194,1833
2014-12-09 21,4,8721,1151
2014-12-09 22,5,11616,6782
2014-12-02 22,20,12345,5668
2014-12-05 17,1,10258,8664
2014-12-03 20,10,7582,6072
2014-12-17 08,16,4984,3727
2014-12-16 17,8,6513,2042
2014-12-18 10,10,4640,863
2014-11-23 10,19,5879,5238
2014-11-24 16,11,11241,8489
2014-12-15 21,19,7393,6221
2014-12-08 21,10,9614,8177
2014-11-20 20,1,10258,7962
2014-12-09 12,7,4584,3497
2014-12-14 00,6,4984,1523
2014-11-26 21,15,436,303
2014-12-17 14,11,4640,4282
2014-11-22 08,10,6035,2190
2014-12-08 12,3,3064,529
2014-12-15 22,6,7393,929
2014-12-08 21,10,9614,8445
2014-12-09 20,7,508,384
2014-12-11 19,5,4584,163
2014-12-14 00,6,4984,4258
2014-12-15 18,13,1863,1406
2014-12-04 17,19,4269,1877
2014-12-07 00,4,6194,6162
2014-11-24 16,14,11241,6517
2014-12-15 22,13,7393,7030
2014-11-22 14,17,5503,4299
2014-12-14 19,4,508,486
2014-12-03 19,10,1968,1927
2014-12-17 19,6,4984,2754
2014-12-07 15,19,7103,5705
2014-12-04 17,4,4269,2821
2014-12-06 16,9,6194,2008
2014-11-18 18,5,3064,2748
2014-12-15 19,11,10392,8443
2014-11-22 14,16,5503,2593
2014-12-12 21,20,8332,3561
2014-12-03 19,6,1968,728
2014-12-17 17,4,4984,1067
2014-12-08 08,14,7103,4063
2014-12-04 17,16,4269,1862
2014-12-15 00,18,7516,5586
2014-12-11 12,9,3064,2872
2014-12-15 19,10,10392,5477
2014-11-22 14,10,5503,5268
2014-11-23 16,10,508,444
2014-11-30 20,8,11623,3776
2014-12-15 00,17,4984,4451
2014-12-05 14,3,11279,2680
2014-12-04 17,16,4269,1015
2014-12-06 16,14,6194,4560
2014-11-23 17,2,11241,9815
2014-12-10 22,13,3472,1982
2014-11-22 14,1,5503,4007
2014-12-01 21,3,4295,453
2014-12-12 12,2,5689,5352
2014-12-08 21,20,883,416
2014-12-16 21,15,5027,1616
2014-12-04 16,16,4640,3739
2014-12-15 00,4,9909,9225
2014-11-23 15,6,11241,1595
2014-12-15 22,20,7393,3052
2014-11-24 16,11,6211,686
2014-11-25 16,2,508,299
2014-12-01 21,3,10470,8008
2014-12-08 20,20,264,109
2014-12-08 14,5,5204,1866
2014-12-04 17,16,4269,2855
2014-12-15 00,17,9909,5146
2014-12-09 14,13,3064,2644
2014-12-09 22,2,2884,187
2014-11-27 23,10,13730,939
2014-11-25 00,13,5399,4527
2014-12-08 17,7,10344,3822
2014-12-08 17,1,264,181
2014-12-09 19,17,5027,485
2014-12-04 17,11,4269,2962
2014-12-13 23,5,7274,738
2014-12-12 01,14,11241,5069
2014-12-10 22,18,8649,2910
2014-11-26 11,4,13050,5952
2014-11-23 15,2,3252,1043
2014-12-12 21,4,10344,8669
2014-12-07 00,12,7708,4917
2014-12-17 20,9,5027,4351
2014-12-04 17,1,4269,2637
2014-12-02 00,1,5358,411
2014-12-11 12,18,3064,1343
2014-12-10 22,17,11470,3305
2014-11-27 23,16,13730,3337
2014-11-29 14,3,5399,1948
2014-11-28 16,4,13425,6343
2014-12-08 17,2,7708,4931
2014-11-18 19,1,5027,1138
2014-12-04 17,16,4269,1857
2014-12-01 23,7,5358,3571
2014-11-18 19,16,3064,2850
2014-12-15 22,10,12862,6687
2014-12-11 08,1,12067,11070
2014-11-23 15,17,508,488
2014-11-21 20,9,13425,12524
2014-12-03 22,8,6344,1067
2014-12-17 20,10,5027,2396
2014-11-23 13,10,3783,1489
2014-12-02 00,12,5358,3412
2014-12-09 11,4,11241,8060
2014-12-06 00,2,5492,5484
2014-12-11 08,20,12067,4068
2014-12-10 12,9,508,201
2014-12-07 15,17,2415,1821
2014-11-22 22,19,2901,1094
2014-12-14 10,10,5027,3735
2014-12-17 17,18,4640,2158
2014-12-02 01,5,6252,5516
2014-11-23 16,11,11241,5157
2014-12-10 22,4,11470,10411
2014-12-11 08,12,12067,10425
2014-12-11 18,2,5399,3719
2014-11-22 12,7,13425,5168
2014-12-08 19,4,11552,5824
2014-11-26 22,6,10984,346
2014-12-01 19,18,3687,2557
2014-12-08 12,8,4076,540
2014-12-12 00,13,3064,474
2014-12-15 22,20,12862,4272
2014-12-12 18,6,12067,3654
2014-11-25 11,2,508,322
2014-11-29 23,11,11623,7606
2014-12-08 21,18,6344,1844
2014-12-05 14,11,5027,229
2014-12-05 15,14,4640,4301
2014-12-08 12,4,4076,888
2014-12-11 12,19,3064,485
2014-12-15 22,19,12862,3888
2014-12-08 22,13,12067,2044
2014-12-15 00,12,3662,1548
2014-12-08 17,6,10344,413
2014-12-08 19,6,11623,6727
2014-12-12 13,18,5027,2787
2014-12-01 19,17,3687,1973
2014-12-03 22,13,2667,2630
2014-12-09 12,19,3064,1419
2014-12-15 22,14,12862,6314
2014-12-06 16,13,1863,546
2014-12-10 12,16,5399,5314
2014-12-05 19,6,2415,370
2014-12-10 00,10,11623,1567
2014-12-05 19,5,5027,1308
2014-12-05 15,13,4640,1447
2014-12-06 23,9,9807,7157
2014-11-21 19,9,11241,10834
2014-12-15 22,5,12862,9162
2014-12-06 17,13,6513,166
2014-11-27 19,5,5399,2784
2014-12-08 17,5,10344,2047
2014-12-16 07,8,2947,2187
2014-12-01 12,3,10984,1801
2014-11-26 09,19,3687,2824
2014-12-02 10,3,9807,7079
2014-12-11 12,2,3064,269
2014-12-08 16,11,6344,1470
2014-12-12 15,9,6513,1626
2014-11-27 19,14,5399,4715
2014-11-29 23,15,2415,1046
2014-12-08 22,5,11623,1619
2014-12-10 23,16,7103,595
2014-12-01 19,12,3687,3255
2014-12-06 23,11,9807,5212
2014-12-11 10,14,11241,8381
2014-12-05 23,5,11470,7717
2014-12-12 10,11,12067,10764
2014-12-09 16,5,3662,2341
2014-11-30 12,9,11623,6905
2014-12-06 08,9,3431,2392
2014-12-02 21,13,5027,1608
2014-11-26 10,17,3687,1516
2014-12-08 17,12,2667,1011
2014-12-12 00,5,3064,304
2014-12-09 22,14,13334,10043
2014-12-11 08,14,12067,11927
2014-11-19 06,10,4370,1658
2014-12-05 19,13,10344,3074
2014-12-15 22,2,2947,668
2014-12-08 08,9,7103,2277
2014-11-26 09,14,3687,1325
2014-12-03 22,13,2667,148
2014-12-12 01,17,11241,349
2014-12-05 23,13,11470,10947
2014-12-12 17,18,2825,2363
2014-11-22 14,20,6512,549
2014-11-22 12,11,6344,1730
2014-12-04 12,5,292,237
2014-11-29 22,1,5027,286
2014-12-01 19,7,3687,155
2014-12-03 22,5,2667,2556
2014-11-26 13,5,3064,1568
2014-12-15 22,8,6054,2031
2014-12-12 17,16,6513,1177
2014-12-12 21,16,3662,2958
2014-11-28 20,7,10344,5678
2014-12-08 22,7,11623,3386
2014-11-25 10,2,5204,2418
2014-12-01 19,18,3687,1728
2014-12-18 16,5,11184,5330
2014-11-19 10,4,3064,2158
2014-12-05 20,8,13334,279
2014-12-06 17,19,2825,1660
2014-12-08 17,20,3662,3380
2014-11-29 23,19,11623,11184
2014-11-23 00,6,2901,1566
2014-12-05 19,14,5027,3223
2014-11-29 11,5,5689,1206
2014-12-18 16,4,11184,4328
2014-11-21 14,12,11241,5435
2014-12-15 22,9,6054,717
2014-11-24 12,5,9412,371
2014-12-03 13,11,3662,1264
2014-11-29 23,2,11623,7694
2014-12-11 22,8,2322,1792
2014-12-06 09,13,5027,1627
2014-12-18 10,12,4640,1346
2014-12-10 21,12,6417,2295
2014-11-23 17,13,11241,2120
2014-12-14 22,15,11470,9271
2014-11-28 17,10,3381,380
2014-12-18 21,15,3424,1296
2014-11-28 20,8,10344,1415
2014-11-18 21,10,3431,674
2014-12-17 08,4,5204,2536
2014-11-21 13,13,5689,3546
2014-12-13 19,17,9526,8872
2014-11-25 14,19,3064,2599
2014-12-14 22,13,11470,2000
2014-12-02 23,1,3381,2497
2014-12-09 06,16,6513,1410
2014-11-29 23,6,11623,8699
2014-12-11 22,1,2322,1428
2014-12-06 14,2,5027,3011
2014-12-13 20,3,4640,4587
2014-12-03 22,6,11339,5169
2014-11-23 16,15,11241,5432
2014-12-14 22,13,11470,2706
2014-11-28 18,14,3381,2450
2014-12-16 16,6,12245,2434
2014-12-05 19,16,10344,6703
2014-12-11 20,17,2322,1476
2014-12-03 21,12,5204,1671
2014-12-17 13,6,4640,1768
2014-12-11 22,19,292,174
2014-12-09 12,13,3064,387
2014-12-11 22,2,11470,1314
2014-11-24 16,20,6513,4613
2014-12-09 06,9,6513,2815
2014-11-27 15,2,2415,543
2014-11-18 21,17,3431,342
2014-11-29 09,3,5399,5188
2014-12-05 15,14,4640,1321
2014-12-11 21,8,292,147
2014-11-23 17,4,11241,1806
2014-12-09 22,9,13334,1423
2014-12-17 20,15,6513,3115
2014-12-10 19,16,2679,1430
2014-11-30 20,6,11623,10627
2014-12-04 13,6,292,168
2014-12-18 20,3,1083,559
2014-12-05 15,6,4640,3290
2014-12-02 23,14,10242,3928
2014-11-25 14,9,3064,2147
2014-12-10 22,7,11470,2626
2014-12-01 13,19,3381,1013
2014-11-24 19,15,11279,10247
2014-11-22 13,3,9516,5143
2014-11-18 21,20,3431,2976
2014-12-15 22,4,1083,697
2014-12-05 15,5,9820,9225
2014-12-16 20,14,11623,5669
2014-12-08 12,10,3064,162
2014-12-10 22,14,11470,3698
2014-11-28 17,12,3381,3038
2014-12-10 19,9,2679,1123
2014-11-27 14,10,2415,2310
2014-11-23 00,17,2901,133
2014-12-02 18,16,7103,769
2014-12-12 20,14,4640,2128
2014-12-03 22,15,11339,6703
2014-11-23 10,18,3064,590
2014-12-10 22,19,13334,8309
2014-12-01 13,15,3381,2056
2014-11-24 19,20,11279,9806
2014-12-07 22,11,10344,4236
2014-12-15 10,10,10797,9601
2014-12-05 14,3,1083,933
2014-12-13 20,4,4640,3763
2014-12-10 21,18,9526,3934
2014-11-24 12,2,11241,6314
2014-12-10 22,20,11470,4102
2014-12-14 22,2,3783,3767
2014-11-24 19,10,11279,5302
2014-11-22 13,2,9516,5916
2014-12-09 20,19,7670,588
2014-12-14 19,7,1083,554
2014-12-13 20,2,4640,3407
2014-12-16 20,8,3064,147
2014-11-23 16,2,11241,1589
2014-12-11 22,14,11470,131
2014-12-14 22,14,3783,1088
2014-11-23 08,1,8413,5565
2014-12-05 19,12,2415,515
2014-12-04 12,17,4405,2904
2014-12-16 21,5,7753,7739
2014-12-15 16,11,11552,8720
2014-12-10 15,12,9526,3035
2014-12-12 00,20,3064,163
2014-12-10 22,12,11470,9609
2014-12-14 22,9,3783,1563
2014-12-10 19,9,2679,2650
2014-12-12 21,15,10344,7514
2014-11-23 00,1,2901,141
2014-11-25 23,8,1083,773
2014-11-20 15,9,10049,9298
2014-12-10 21,19,3064,2335
2014-12-11 14,20,3064,657
2014-12-11 22,11,11470,3783
2014-12-14 22,13,3783,2254
2014-11-19 06,7,11489,7607
2014-11-22 13,20,9516,2951
2014-11-18 12,14,3431,2386
2014-12-07 21,7,7961,1686
2014-11-20 15,9,10049,8892
2014-12-11 21,1,3064,2243
2014-12-09 11,20,3064,348
2014-12-12 19,1,11470,9772
2014-11-22 14,3,10533,6302
2014-11-19 06,17,11489,9985
2014-12-12 21,9,10344,2977
2014-12-09 23,5,11552,5979
2014-12-07 21,11,7961,6751
2014-11-20 15,11,10049,6095
2014-12-16 20,5,3064,670
2014-12-09 12,18,3064,2293
2014-12-15 20,8,11470,1908
2014-12-02 23,3,3381,404
2014-12-12 21,9,5395,4088
2014-12-07 22,5,10344,2235
2014-12-13 06,3,4405,3204
2014-12-12 08,8,1083,845
2014-12-03 08,14,1863,601
2014-12-10 21,4,9526,5840
2014-11-23 17,18,11241,2058
2014-12-10 22,19,13334,8768
2014-11-28 18,15,3381,269
2014-11-23 20,7,10271,6598
2014-11-22 19,17,5653,716
2014-12-04 19,5,6673,254
2014-11-30 22,9,12328,1181
2014-12-08 12,12,11623,2981
2014-12-15 23,10,4116,3079
2014-11-18 18,9,3064,2822
2014-12-09 22,7,13334,3311
2014-11-28 18,6,3381,1427
2014-12-18 11,9,1863,287
2014-12-05 16,7,10344,6119
2014-12-13 06,14,4405,1321
2014-12-12 23,4,1083,962
2014-12-11 11,12,11623,11040
2014-12-10 21,12,9450,2669
2014-12-12 01,2,11241,9606
2014-12-10 22,1,11470,10923
2014-12-14 00,10,10894,2067
2014-12-04 23,14,10271,3606
2014-11-27 15,4,2415,880
2014-12-15 17,7,3431,450
2014-11-23 18,8,12328,6188
2014-12-06 12,19,11623,386
2014-12-04 21,19,10314,1116
2014-11-23 16,14,11241,8447
2014-12-05 20,20,13334,1513
2014-12-14 00,18,10894,4906
2014-11-25 00,7,5027,1261
2014-11-22 19,4,5653,785
2014-11-18 13,2,3431,200
2014-12-03 21,9,12328,10543
2014-12-09 19,1,11623,286
2014-12-01 16,16,12237,5976
2014-11-24 16,5,11241,8687
2014-12-05 20,15,13334,8449
2014-11-28 18,13,3381,1099
2014-11-25 00,4,5027,3380
2014-11-28 20,19,10344,1285
2014-12-07 19,8,6655,6106
2014-12-07 21,4,7961,2520
2014-12-11 11,11,11623,187
2014-12-01 18,16,1750,1063
2014-11-26 12,11,922,346
2014-12-14 21,8,11470,11232
2014-12-14 00,16,10894,816
2014-11-19 19,19,8270,802
2014-11-22 19,7,5653,1693
2014-12-11 12,17,3431,2180
2014-12-12 23,17,10740,10715
2014-11-27 00,17,10314,7005
2014-12-04 15,6,6945,781
2014-12-15 18,7,10935,8665
2014-12-10 20,3,13334,12624
2014-12-01 13,19,3381,1483
2014-11-19 21,16,10271,7098
2014-11-22 19,3,5653,893
2014-12-07 08,1,5689,4217
2014-12-18 18,17,12328,8008
2014-11-26 12,9,150,124
2014-12-01 19,11,4110,4061
2014-11-23 17,9,11241,3595
2014-12-11 22,4,11470,3134
2014-11-28 18,3,3381,803
2014-11-24 12,1,7720,526
2014-12-13 12,9,10431,9576
2014-11-22 18,19,5689,4438
2014-11-18 20,8,12328,5815
2014-11-29 14,8,552,308
2014-11-25 11,1,4110,2308
2014-12-03 16,2,10935,10154
2014-12-09 22,3,13334,4621
2014-12-14 00,12,10894,6678
2014-11-20 20,16,7195,5232
2014-12-08 17,15,10344,8067
2014-12-16 21,10,1032,598
2014-11-25 10,3,6255,4654
2014-12-03 08,2,552,250
2014-12-01 11,6,11909,7439
2014-11-27 14,9,6417,2804
2014-12-10 22,4,11470,7078
2014-12-06 16,11,10894,3437
2014-11-18 20,18,3472,974
2014-12-07 22,12,10344,8939
2014-12-06 13,3,1032,242
2014-11-30 22,15,12328,3601
2014-12-18 16,16,2153,1100
2014-12-04 15,16,11771,1005
2014-12-09 18,5,11241,11086
2014-12-10 22,13,11470,6949
2014-12-12 18,3,10894,3429
2014-11-18 13,19,3472,2733
2014-12-01 12,12,3798,3535
2014-11-19 19,10,2901,2003
2014-12-15 18,7,1863,491
2014-11-18 13,8,3381,1644
2014-12-01 15,18,13326,4407
2014-12-12 01,12,11241,2306
2014-12-10 22,4,11470,6620
2014-12-14 00,18,10894,3879
2014-12-18 14,11,6513,3700
2014-12-01 12,9,3798,2868
2014-11-22 18,7,856,277
2014-12-04 21,1,7103,6589
2014-12-18 16,15,2153,1458
2014-12-04 15,2,11771,8836
2014-11-27 14,15,6417,4954
2014-12-05 20,10,13334,9472
2014-12-01 14,14,11552,516
2014-11-18 13,3,3472,662
2014-12-09 18,20,2993,2811
2014-12-16 21,9,1969,1096
2014-12-01 22,8,13338,3587
2014-12-16 16,9,11565,3781
2014-11-24 17,19,8874,6611
2014-11-26 12,20,6417,2925
2014-12-09 22,8,13334,7349
2014-11-28 17,20,11552,8034
2014-11-18 14,11,3472,2750
2014-12-15 15,7,10344,6181
2014-12-08 21,11,7578,1023
2014-11-18 20,3,5388,5015
2014-12-17 12,6,4889,3527
2014-12-01 17,3,2175,1440
2014-11-24 18,8,6417,4175
2014-12-10 22,13,13334,10769
2014-12-14 00,19,10894,417
2014-11-23 16,7,6513,4663
2014-11-25 17,14,2415,604
2014-11-18 22,15,2901,747
2014-12-01 22,10,5232,732
2014-11-29 14,1,10894,9754
2014-12-01 16,16,8161,3414
2014-11-24 18,13,6417,1740
2014-12-10 22,2,11470,6686
2014-12-14 18,12,10894,2846
2014-11-22 07,20,5894,4094
2014-11-28 16,18,9790,6950
2014-12-07 23,13,13041,10654
2014-11-25 22,12,7103,6811
2014-11-18 12,10,3381,230
2014-11-24 13,10,8161,6866
2014-12-11 14,18,11492,10280
2014-12-10 22,8,11470,4740
2014-11-24 16,11,11770,2093
2014-12-18 14,19,12570,7400
2014-11-22 20,17,10344,543
2014-12-08 12,14,13041,7796
2014-11-26 13,8,7103,2971
2014-12-17 12,7,4889,2675
2014-11-30 12,18,8161,5051
2014-11-18 19,15,11492,1268
2014-12-05 20,18,13334,5795
2014-12-04 22,8,3628,686
2014-12-16 12,2,6255,6107
2014-12-15 11,11,10344,5747
2014-12-06 00,16,13409,4755
2014-12-01 13,13,7103,3957
2014-12-16 16,18,1005,706
2014-11-29 11,5,8161,1246
2014-12-12 01,15,11241,9658
2014-12-09 22,4,13334,8448
2014-12-02 22,18,3628,2814
2014-12-17 14,7,6054,2564
2014-12-12 11,10,10344,6670
2014-12-07 09,18,436,128
2014-12-08 08,15,7103,4842
2014-11-24 15,6,12090,11936
2014-12-15 13,16,8161,475
2014-11-24 13,1,11241,10507
2014-12-15 20,12,11470,6873
2014-12-06 17,5,2825,1167
2014-12-16 16,19,6054,2255
2014-12-12 11,4,2993,2266
2014-11-23 20,7,13759,5089
2014-12-07 17,1,13230,7104
2014-11-26 13,16,6082,3212
2014-11-24 11,19,8161,2069
2014-12-09 18,7,11241,6458
2014-12-15 20,17,11470,986
2014-12-16 19,18,12388,6094
2014-12-16 23,20,6054,4668
2014-12-11 19,12,10344,5915
2014-12-12 18,3,9195,6908
2014-12-07 17,9,13230,9874
2014-11-26 13,16,6082,1852
2014-12-01 18,4,1650,1519
2014-12-09 18,9,11241,7336
2014-12-14 22,13,11470,9630
2014-12-16 19,13,12388,3209
2014-11-23 12,10,12142,1265
2014-12-07 22,17,10344,10050
2014-11-24 19,9,176,114
2014-12-01 21,11,13230,8400
2014-11-26 13,9,6082,2063
2014-12-15 13,2,8161,235
2014-12-12 00,15,11492,356
2014-12-15 20,3,11470,737
2014-12-16 19,5,12388,7399
2014-12-17 14,18,6054,2544
2014-12-16 20,18,1854,1260
2014-12-03 13,5,3537,2113
2014-12-04 10,13,13230,10967
2014-11-26 13,12,6082,5994
2014-12-01 19,8,1650,528
2014-12-11 12,10,11492,5775
2014-12-09 09,13,13334,1144
2014-12-06 17,15,5689,4856
2014-11-29 14,3,5399,1382
2014-11-23 19,6,13872,5683
2014-12-06 00,16,13409,5222
2014-12-06 09,4,6344,5079
2014-11-26 13,11,6082,5579
2014-12-01 15,6,8161,6657
2014-11-30 16,3,1963,329
2014-12-15 20,17,11470,8681
2014-12-06 17,10,6513,5238
2014-12-09 16,15,1863,812
2014-11-23 19,13,13872,11831
2014-11-22 12,2,7299,713
2014-12-12 23,13,13230,6069
2014-11-29 23,2,9517,9178
2014-11-30 13,9,8161,1770
2014-12-11 11,15,11492,845
2014-12-15 20,8,11470,11332
2014-12-05 18,10,5027,795
2014-11-23 21,13,5399,712
2014-12-01 12,18,697,181
2014-12-12 00,17,7467,2153
2014-12-15 18,16,6344,2480
2014-11-28 22,11,8095,7730
2014-12-01 10,9,8161,4826
2014-12-16 11,9,10567,1101
2014-12-15 19,12,13334,2551
2014-12-12 15,1,6513,2813
2014-12-12 06,10,13230,2583
2014-12-16 20,7,1854,475
2014-11-19 20,13,2901,992
2014-12-07 08,14,13230,4466
2014-12-18 15,17,4435,1907
2014-12-01 11,7,2175,299
2014-11-30 16,10,1963,256
2014-12-11 11,6,11470,3483
2014-12-12 16,12,6513,148
2014-12-10 13,7,7549,3725
2014-11-21 20,2,697,321
2014-12-07 08,1,8159,5816
2014-12-09 15,9,13230,8156
2014-12-13 03,20,2284,681
2014-12-18 15,11,10740,6184
2014-11-24 18,17,1963,1446
2014-12-05 20,2,13334,7416
2014-12-05 18,16,5027,2150
2014-12-10 13,10,7549,3066
2014-12-07 22,15,697,492
2014-12-12 00,1,11279,6621
2014-12-13 00,7,13230,10981
2014-12-13 04,3,10290,9420
2014-12-15 13,2,8161,1442
2014-11-19 17,16,354,211
2014-12-09 22,10,13334,11995
2014-12-14 22,3,5027,3437
2014-11-29 14,2,3673,834
2014-11-22 20,2,1854,1476
2014-11-23 19,20,13759,11297
2014-12-06 14,11,5271,5059
2014-11-26 09,3,1483,199
2014-12-01 10,12,8161,7713
2014-11-26 19,18,10567,229
2014-12-14 21,16,10507,6545
2014-12-17 20,16,5027,3892
2014-12-12 22,11,2334,644
2014-12-01 12,1,697,208
2014-11-22 17,11,11279,2312
2014-12-06 09,13,5271,4727
2014-12-13 04,6,10290,8670
2014-12-18 14,19,10740,5447
2014-11-19 17,2,354,290
2014-12-15 22,11,2158,973
2014-12-06 17,13,5027,1338
2014-11-29 14,3,3673,114
2014-11-21 17,12,697,287
2014-12-08 21,14,12802,6824
2014-12-13 00,13,13230,11224
2014-12-13 04,2,10290,4770
2014-12-15 16,4,8161,2246
2014-12-08 18,14,10567,9146
2014-12-15 22,5,2158,788
2014-12-06 17,7,6513,317
2014-11-27 23,10,2334,155
2014-12-07 22,5,697,676
2014-11-23 20,16,11279,1548
2014-12-16 20,13,13230,7065
2014-12-13 04,11,10290,3679
2014-11-24 11,2,8161,6221
2014-12-09 13,15,5699,758
2014-12-05 20,5,7195,501
2014-12-12 18,4,6513,6408
2014-11-29 14,3,3673,3474
2014-12-16 20,13,1854,1264
2014-12-08 20,16,11279,10453
2014-11-24 19,9,5027,4420
2014-12-11 22,1,1483,1170
2014-11-30 12,6,8161,7261
2014-11-19 17,16,354,150
2014-12-14 22,2,11470,4174
2014-12-08 20,7,6513,870
2014-11-29 15,8,3673,3538
2014-12-11 19,4,1854,1351
2014-11-28 00,8,6564,3341
2014-12-05 14,3,5271,5166
2014-12-12 21,4,8561,2314
2014-12-01 16,1,2175,233
2014-11-19 17,7,354,342
2014-12-06 00,18,11470,7160
2014-11-28 17,2,2993,2308
2014-11-29 14,19,3673,946
2014-12-07 21,12,12536,12514
2014-12-14 20,20,7467,4274
2014-12-16 21,7,5027,4482
2014-11-26 09,17,1483,1035
2014-11-24 10,11,3275,983
2014-11-19 16,16,2771,1303
2014-12-14 22,12,11470,1666
2014-12-12 10,16,2993,899
2014-11-29 15,12,3673,2792
2014-11-22 18,8,13230,1849
2014-11-23 20,10,11279,1150
2014-12-06 09,4,5271,5140
2014-12-12 21,18,8561,509
2014-12-04 15,8,11824,11437
2014-12-09 13,11,5699,650
2014-12-04 22,20,1860,164
2014-12-06 18,6,6513,2139
2014-11-29 14,4,3673,266
2014-12-16 20,12,13230,11561
2014-12-08 21,17,12802,8730
2014-12-07 08,5,5271,1007
2014-12-04 23,7,1308,709
2014-11-24 10,7,3275,112
2014-12-05 17,7,9753,3898
2014-12-16 19,13,9372,8136
2014-12-05 18,14,6513,4450
2014-11-24 19,18,5027,4224
2014-11-22 18,10,13230,5177
2014-11-22 17,12,11279,9466
2014-12-04 21,14,5271,477
2014-11-20 21,9,10431,10366
2014-11-24 10,11,3275,2525
2014-11-18 13,15,4296,1746
2014-11-18 20,11,7250,1026
2014-12-06 18,20,5399,4159
2014-11-24 19,2,5027,4990
2014-12-13 17,18,9363,7052
2014-12-14 22,16,7467,1963
2014-11-26 19,12,5027,2934
2014-12-04 23,15,1308,892
2014-12-04 15,16,11824,2729
2014-12-08 17,8,4296,1756
2014-11-25 20,4,4999,4311
2014-12-06 18,4,5399,3057
2014-11-29 14,19,3673,755
2014-11-22 18,9,13230,10105
2014-12-07 00,15,5329,3196
2014-11-24 19,3,5027,3568
2014-12-04 23,5,2284,1428
2014-11-24 10,11,3275,2075
2014-12-08 18,19,4296,3388
2014-12-14 12,15,3628,1547
2014-12-12 10,13,2993,1333
2014-12-13 21,14,10392,4238
2014-12-16 21,12,11985,11459
2014-12-04 12,11,5553,1192
2014-11-26 22,7,5271,2757
2014-12-13 03,12,2284,2086
2014-12-04 15,19,11824,6546
2014-11-26 18,14,4537,3038
2014-12-14 12,12,3628,829
2014-12-13 21,10,9516,5825
2014-12-01 20,10,10392,1078
2014-11-22 13,12,9516,626
2014-11-30 19,14,1337,324
2014-12-03 21,1,5271,764
2014-12-13 03,1,10431,2312
2014-11-24 11,3,3275,532
2014-12-03 10,11,4296,1065
2014-11-28 12,3,5492,4874
2014-12-12 11,13,2993,2738
2014-11-23 12,13,2825,2645
2014-12-16 20,11,13230,11867
2014-11-23 23,9,1642,1089
2014-12-03 18,19,13230,4324
2014-11-20 22,9,2284,749
2014-12-04 15,17,11824,11619
2014-12-03 10,9,4296,3502
2014-12-08 15,2,9109,8538
2014-12-06 16,8,2993,2484
2014-11-20 20,16,2825,1978
2014-11-22 18,1,13230,1051
2014-11-30 19,7,1337,476
2014-12-04 22,11,5271,2528
2014-12-12 19,16,13943,4389
2014-12-04 15,10,10049,5172
2014-12-10 16,13,4296,2771
2014-11-18 12,10,5492,2792
2014-12-13 21,17,9516,2324
2014-11-20 20,1,2825,2072
2014-12-16 20,20,13230,3995
2014-12-12 00,19,7467,6551
2014-11-25 22,20,5271,1787
2014-12-12 19,7,13943,10732
2014-12-04 15,6,10049,8887
2014-12-08 12,15,6272,5930
2014-11-19 22,15,12135,11812
2014-12-13 20,15,9516,9508
2014-12-13 15,20,2513,915
2014-12-05 12,5,13230,344
2014-12-11 20,20,7467,3851
2014-12-15 18,4,13230,265
2014-11-28 16,6,2284,897
2014-12-04 17,10,12345,3914
2014-12-11 10,4,9503,6788
2014-11-21 11,3,12135,10076
2014-11-28 17,10,3673,2225
2014-12-14 11,8,10392,2833
2014-11-28 18,12,11685,8103
2014-12-06 09,17,13409,6386
2014-11-25 10,16,5513,2272
2014-12-04 21,20,7383,2056
2014-12-01 17,20,2175,2065
2014-11-26 18,9,4296,3315
2014-11-18 17,11,3123,2115
2014-11-28 18,7,3673,280
2014-11-21 12,5,2513,195
2014-11-22 19,7,5263,2471
2014-12-13 08,19,10726,9655
2014-12-07 07,9,13230,5817
2014-12-12 21,7,11406,6153
2014-12-04 17,15,12345,3253
2014-11-26 18,8,4296,669
2014-11-21 11,3,12135,10758
2014-12-14 00,13,5232,4477
2014-11-29 14,20,6226,5390
2014-11-28 18,2,11685,3099
2014-12-06 00,4,13409,7585
2014-11-24 21,10,7929,5938
2014-11-28 11,17,10120,8810
2014-12-15 14,16,2175,2171
2014-11-19 10,10,4296,1099
2014-11-19 22,5,5263,531
2014-12-14 00,7,5232,4763
2014-12-01 21,19,6513,5584
2014-11-30 22,12,9664,9383
2014-12-08 19,14,242,194
2014-12-09 15,1,13230,10004
2014-12-12 21,2,11406,6359
2014-12-18 15,3,10392,5377
2014-12-16 12,3,7995,1333
2014-11-18 11,17,11470,3174
2014-11-28 18,4,3673,1663
2014-12-17 10,10,1518,620
2014-11-22 19,13,5263,2468
2014-12-04 21,6,7467,1336
2014-12-07 08,15,13230,7098
2014-11-28 11,7,10120,6761
2014-12-15 14,2,2175,1311
2014-11-24 17,12,7995,7680
2014-11-19 22,9,940,432
2014-12-01 14,20,3673,2628
2014-12-17 10,18,1518,982
2014-11-22 19,3,5263,4469
2014-12-07 10,12,4254,365
2014-12-09 15,12,13230,7312
2014-11-28 08,7,11406,2395
2014-12-18 15,8,10392,1884
2014-11-25 16,16,7995,4425
2014-11-18 11,6,13131,10111
2014-11-19 15,18,6936,4627
2014-12-07 16,12,7590,817
2014-11-22 19,20,5263,5053
2014-12-04 18,8,1303,981
2014-12-05 14,8,9053,7358
2014-11-26 14,14,11406,1514
2014-12-18 15,11,10392,1133
2014-12-09 13,3,4296,1106
2014-11-19 22,9,940,635
2014-11-19 15,20,6936,1522
2014-12-04 22,7,3760,1359
2014-12-01 12,8,3381,2159
2014-12-07 08,13,4254,2656
2014-12-02 10,1,13230,4060
2014-12-06 15,9,3472,2012
2014-12-01 19,13,12569,3877
2014-11-25 16,3,7995,1205
2014-11-23 12,13,10063,7461
2014-12-03 09,2,1854,1687
2014-12-03 12,16,7590,7341
2014-12-12 20,3,3381,3188
2014-12-06 08,9,13409,8488
2014-12-02 10,20,13230,8827
2014-11-28 07,15,3660,2092
2014-11-22 16,15,7995,1392
2014-11-28 14,5,4296,784
2014-11-19 22,12,940,886
2014-11-19 15,9,6936,2787
2014-12-12 08,12,6936,2744
2014-12-08 17,3,3381,1356
2014-12-06 13,12,6631,2751
2014-12-09 19,6,13230,2482
2014-12-12 21,2,11406,3807
2014-12-01 19,3,12569,129
2014-11-20 17,19,7995,3883
2014-11-18 16,11,13131,2460
2014-11-21 11,7,11623,9618
2014-11-18 14,10,12510,246
2014-12-12 21,5,3381,743
2014-12-06 14,17,1303,679
2014-11-21 14,20,13230,8319
2014-11-28 07,17,3660,2166
2014-11-22 13,16,7995,5245
2014-11-20 17,2,7995,3755
2014-11-18 16,3,11470,6912
2014-12-04 21,5,11623,2327
2014-12-07 16,16,7590,4341
2014-11-27 15,12,574,507
2014-12-04 22,10,5127,4754
2014-12-09 12,3,9053,1981
2014-12-04 23,8,10265,3478
2014-11-22 13,4,7995,6867
2014-11-24 16,4,7995,1375
2014-11-18 10,1,13131,6301
2014-11-25 19,12,8254,1731
2014-12-11 16,3,6936,5400
2014-11-27 15,17,574,514
2014-12-16 20,17,4839,1395
2014-12-15 08,3,8877,6557
2014-12-04 23,14,10265,7608
2014-11-22 16,18,7995,4704
2014-12-08 13,18,4296,593
2014-11-18 16,11,11470,6111
2014-12-05 11,16,6833,1691
2014-12-14 09,6,3472,2066
2014-11-22 18,19,574,250
2014-12-09 23,6,3381,537
2014-12-10 21,14,8877,1987
2014-12-12 22,20,5141,4341
2014-11-26 13,16,7995,5350
2014-11-20 11,9,4296,1114
2014-11-18 13,16,11470,10928
2014-12-02 15,5,6456,5209
2014-12-04 22,14,3760,3506
2014-12-12 20,19,3381,1884
2014-12-13 09,8,2271,637
2014-12-15 08,11,8877,5795
2014-12-11 22,13,1483,1347
2014-11-22 13,1,7995,4224
2014-11-26 18,5,4296,3839
2014-11-18 10,20,12547,9244
2014-11-23 08,19,2839,1934
2014-11-26 23,16,5334,3393
2014-11-27 15,20,574,426
2014-11-22 18,12,10659,6785
2014-12-15 08,6,8877,6597
2014-12-11 17,8,7856,2607
2014-11-22 12,10,7995,7925
2014-12-09 13,13,4296,585
2014-11-23 12,13,3660,710
2014-11-21 09,8,3667,2528
2014-12-05 11,15,3760,2851
2014-12-12 20,7,574,335
2014-12-07 08,19,9790,5766
2014-12-15 08,9,8877,5086
2014-11-18 17,19,8892,7332
2014-11-22 13,10,7995,3119
2014-11-26 14,18,4296,2333
2014-11-19 22,20,11470,4535
2014-11-23 07,13,1183,684
2014-12-03 13,2,3760,1436
2014-11-22 18,8,574,153
2014-12-16 13,8,8094,5465
2014-12-10 21,18,8877,6800
2014-12-12 19,6,5027,2022
2014-11-22 15,7,7995,1545
2014-12-11 21,9,4296,2902
2014-11-21 20,20,11470,2145
2014-11-21 16,16,5049,1212
2014-12-04 22,20,3760,812
2014-12-03 20,13,6235,4010
2014-12-08 17,20,2950,1712
2014-12-05 23,14,3099,711
2014-12-06 20,1,6000,3977
2014-11-22 15,15,7995,6689
2014-11-24 17,11,7995,5607
2014-11-18 20,10,11470,1218
2014-11-30 22,2,5049,2274
2014-12-04 22,12,3760,2072
2014-12-01 12,7,574,362
2014-12-15 21,20,9790,5568
2014-12-15 08,16,8877,2475
2014-12-12 19,6,5027,2464
2014-11-22 16,3,7995,6039
2014-11-24 17,17,7995,6638
2014-11-18 13,3,11470,4744
2014-11-21 16,19,5049,4475
2014-11-26 16,10,7229,2664
2014-12-08 17,20,6235,2447
2014-12-04 22,1,6513,5994
2014-12-17 20,19,8877,2135
2014-12-14 21,12,1079,667
2014-11-22 16,1,7995,6777
2014-11-23 15,7,7995,7388
2014-11-19 22,14,1121,453
2014-11-25 22,14,9849,2103
2014-12-05 20,16,7266,4942
2014-11-29 23,8,6235,4924
2014-12-18 00,4,8094,6453
2014-12-15 08,11,8877,4170
2014-12-06 20,13,6000,513
2014-11-22 16,7,7995,3240
2014-12-08 14,16,4296,3107
2014-11-18 12,20,11470,6347
2014-12-09 11,14,5049,3588
2014-12-08 11,9,7229,5544
2014-11-28 16,16,9003,2248
2014-11-23 23,13,1303,583
2014-12-08 18,4,5894,1983
2014-12-06 20,2,3381,1527
2014-11-22 13,9,7995,5407
2014-12-03 14,6,4296,3820
2014-11-19 22,17,1121,1102
2014-12-09 12,17,5049,2692
2014-11-26 15,15,7229,992
2014-11-29 23,16,12564,7403
2014-11-18 15,14,9205,879
2014-12-15 08,12,8877,7299
2014-12-04 18,13,1079,847
2014-11-22 16,16,7995,6337
2014-12-08 14,10,4296,453
2014-12-14 16,16,7266,4588
2014-11-21 16,13,5049,1444
2014-12-17 00,20,7996,2279
2014-11-30 13,14,12564,9579
2014-12-08 17,15,8666,2346
2014-12-16 17,20,5503,3060
2014-12-06 20,14,6000,153
2014-11-22 16,1,7995,2822
2014-12-08 13,18,4296,1963
2014-11-18 11,9,11470,3127
2014-11-21 14,1,9660,7339
2014-11-27 13,19,2901,2391
2014-12-03 19,7,12564,10469
2014-12-04 10,20,2048,191
2014-12-15 20,1,8877,7695
2014-12-06 20,3,11552,11530
2014-11-22 13,14,7995,2115
2014-12-03 10,15,4296,3910
2014-11-18 11,3,9518,7494
2014-12-18 15,13,12317,7884
2014-11-27 13,10,2901,896
2014-12-09 12,12,12564,1757
2014-11-24 19,14,6513,3331
2014-12-08 14,20,5503,3943
2014-12-12 19,5,5027,3085
2014-11-22 13,17,7995,4299
2014-12-08 15,16,4296,120
2014-11-21 11,4,10662,3403
2014-11-21 11,16,3424,700
2014-11-27 11,19,2901,2500
2014-12-05 19,6,12564,6308
2014-11-19 20,12,2048,1575
2014-12-10 21,7,8877,2149
2014-12-11 20,17,11552,6959
2014-11-22 16,11,12630,8446
2014-12-12 02,13,4296,2228
2014-11-18 11,13,9518,6429
2014-11-21 10,15,3424,573
2014-11-27 13,12,1005,378
2014-12-11 19,4,9003,3628
2014-12-04 22,17,1083,1055
2014-12-08 21,7,10894,9825
2014-11-23 19,8,6265,3618
2014-11-22 16,7,12630,5058
2014-12-03 14,9,4582,3925
2014-11-23 12,14,9614,4683
2014-12-07 18,14,13087,9804
2014-11-28 18,11,1005,305
2014-11-29 23,17,12564,10074
2014-11-24 19,8,5894,3534
2014-11-24 20,6,10894,2924
2014-12-14 21,15,1079,1027
2014-12-01 18,19,7087,6081
2014-11-30 16,16,4582,3370
2014-11-23 12,5,9614,8171
2014-12-11 22,18,13087,11643
2014-11-27 14,12,1005,806
2014-11-30 19,15,12564,6686
2014-12-07 08,1,2825,2809
2014-12-05 14,14,10894,3226
2014-11-20 08,16,10063,3518
2014-11-22 16,7,12630,5924
2014-11-30 15,15,4582,4467
2014-11-19 22,12,3472,2916
2014-12-11 22,20,13087,12975
2014-11-27 11,3,2901,1647
2014-12-16 20,8,14079,4865
2014-11-27 00,6,8877,2678
2014-11-24 19,19,13230,994
2014-12-06 20,17,3381,1408
2014-11-22 13,1,12630,1544
2014-11-30 15,2,4582,3633
2014-11-19 22,16,284,115
2014-12-11 21,11,13087,3032
2014-11-28 18,7,1005,565
2014-11-29 20,18,11135,5886
2014-12-07 08,7,10533,1581
2014-12-17 22,10,13230,13175
2014-11-20 08,12,3846,2641
2014-12-15 14,12,1308,449
2014-12-11 14,14,8270,1035
2014-12-04 20,13,6054,3816
2014-12-07 09,9,11219,815
2014-11-28 18,8,1005,916
2014-11-29 23,16,12564,10895
2014-11-23 14,8,8877,1225
2014-11-24 19,16,1121,544
2014-12-03 17,7,11552,9017
2014-12-15 14,3,1308,192
2014-11-19 10,16,8270,5556
2014-12-04 20,12,6054,1743
2014-12-13 17,12,3381,424
2014-12-16 21,17,7312,2774
2014-12-03 19,14,12564,8395
2014-12-12 07,6,1083,637
2014-12-08 14,3,13230,2622
2014-11-21 19,7,3628,2704
2014-11-23 19,12,6648,5237
2014-12-09 13,12,4296,2865
2014-12-12 09,19,13176,11074
2014-11-20 17,9,5894,3919
2014-11-26 18,6,11565,10771
2014-12-03 19,15,12564,1763
2014-12-07 23,12,12184,1781
2014-11-20 23,14,8771,3397
2014-11-21 19,14,3628,169
2014-11-30 08,1,10984,6317
2014-11-21 17,9,8270,2206
2014-12-09 21,18,1863,1376
2014-12-10 00,3,1863,1000
2014-11-26 23,10,11565,2179
2014-12-03 19,3,12564,9719
2014-12-07 13,1,1083,955
2014-11-24 19,20,13230,11838
2014-12-13 21,15,10344,9932
2014-12-11 22,2,10894,2445
2014-12-06 10,8,4296,3190
2014-11-30 21,17,6513,5828
2014-11-25 12,10,3798,2495
2014-12-17 00,11,11565,9027
2014-11-29 20,18,11135,7585
2014-12-09 23,17,1083,600
2014-11-25 22,6,11279,7481
2014-12-08 20,5,11685,2499
2014-11-23 19,5,11552,8867
2014-12-11 11,20,4296,3623
2014-12-12 20,16,10322,2208
2014-12-08 17,13,5232,2257
2014-12-17 00,18,11565,2644
2014-11-19 19,18,11135,2076
2014-12-04 18,20,1083,421
2014-11-20 23,19,8771,6359
2014-12-08 20,7,11685,7256
2014-11-29 23,18,10984,10224
2014-11-23 14,6,7995,5749
2014-12-11 22,4,7167,4676
2014-12-08 17,16,5232,4192
2014-11-18 09,1,1843,318
2014-12-15 20,7,12913,2886
2014-11-19 22,15,1797,119
2014-12-02 10,9,8771,2743
2014-11-26 17,2,8095,1999
2014-11-29 23,2,10984,3496
2014-12-15 19,14,7995,505
2014-12-11 22,1,7167,3272
2014-11-25 02,9,4370,2759
2014-11-27 00,15,11565,2451
2014-11-29 22,4,10314,6390
2014-11-28 22,5,8877,8562
2014-12-15 22,12,11279,7874
2014-11-22 13,16,8095,2137
2014-11-24 14,1,1666,816
2014-11-26 18,10,9450,2356
2014-11-25 19,8,1863,643
2014-11-25 17,18,13763,10764
2014-11-26 16,6,11565,10840
2014-12-11 19,19,10314,9285
2014-12-11 22,11,3271,593
2014-11-30 21,3,7205,2422
2014-11-21 20,1,8095,3316
2014-11-30 08,17,9516,7845
2014-12-03 10,2,4116,3772
2014-11-18 23,5,1863,1475
2014-11-20 18,9,6513,1979
2014-12-01 12,19,10392,2679
2014-12-04 19,14,4264,3923
2014-12-12 12,16,3271,2856
2014-11-29 22,10,7205,3634
2014-11-22 19,3,8095,5105
2014-11-19 21,15,9516,5148
2014-11-20 11,14,4116,2161
2014-12-14 20,19,1863,1246
2014-12-13 17,15,3381,208
2014-11-23 00,7,11565,3376
2014-12-04 19,14,4264,746
2014-12-08 21,7,1002,271
2014-12-04 21,19,7205,6556
2014-11-21 20,14,8095,3696
2014-11-29 23,20,9516,7733
2014-11-18 14,15,4116,219
2014-11-19 12,3,1863,643
2014-11-24 23,10,4254,3507
2014-11-27 00,13,11565,590
2014-12-12 20,14,10223,5072
2014-12-07 23,9,5661,4287
2014-12-14 18,5,11279,9438
2014-11-19 23,14,10901,9436
2014-11-29 23,7,9516,3266
2014-11-23 10,6,7995,1028
2014-12-11 21,9,13176,3703
2014-12-02 23,20,5894,341
2014-11-26 11,3,11565,5255
2014-12-13 12,10,1863,1387
2014-12-07 23,8,5661,3976
2014-11-25 13,13,11279,3458
2014-11-26 11,20,2953,2832
2014-12-13 10,8,231,131
2014-11-23 14,20,7995,1694
2014-12-14 20,5,1863,533
2014-11-25 12,4,3798,3051
2014-11-26 11,1,11565,2247
2014-11-22 18,5,1863,902
2014-12-08 21,8,1002,407
2014-11-18 20,7,11279,3443
2014-11-18 23,4,5894,2029
2014-11-28 03,10,11279,6646
2014-11-25 15,14,7995,2419
2014-12-02 09,13,1863,1181
2014-12-13 17,7,3381,2321
2014-11-23 00,5,11565,4312
2014-11-19 22,20,3321,1028
2014-12-17 21,7,9893,1626
2014-12-05 14,5,11279,1759
2014-11-25 00,8,2953,2615
2014-11-24 13,15,6648,5325
2014-11-25 15,1,7995,944
2014-12-08 22,20,1863,231
2014-11-20 17,16,5894,2035
2014-11-30 15,3,5894,5631
2014-11-19 22,19,3321,2523
2014-12-04 22,20,9893,1706
2014-11-24 21,17,8365,675
2014-12-17 08,8,13230,10351
2014-11-19 17,2,10661,1095
2014-12-08 18,3,4116,3884
2014-12-14 15,20,1863,469
2014-11-26 17,3,13763,5298
2014-11-30 15,15,5894,4914
2014-11-19 22,17,3321,1813
2014-11-24 21,16,4709,452
2014-12-07 08,17,5894,1009
2014-11-25 00,14,2953,848
2014-12-16 21,2,8365,4443
2014-11-26 12,17,9450,2074
2014-11-30 21,11,5503,4518
2014-12-18 00,19,5027,730
2014-11-30 15,4,5894,239
2014-11-22 19,13,7955,6645
2014-12-06 17,9,12368,2678
2014-12-03 21,4,5894,5681
2014-12-15 00,9,6513,1274
2014-12-11 22,2,5894,1973
2014-11-20 16,11,7995,5341
2014-12-12 15,15,3662,3511
2014-11-23 10,12,4254,3184
2014-11-30 23,2,1863,1193
2014-11-21 20,14,1863,1564
2014-11-23 20,11,11279,3487
2014-11-24 19,16,8365,372
2014-11-28 21,9,10392,6504
2014-12-16 21,16,8365,2184
2014-11-20 17,12,7995,4719
2014-11-27 21,2,6513,3182
2014-11-28 21,19,5894,2554
2014-12-02 22,9,5027,1807
2014-11-28 16,8,1863,1235
2014-11-26 18,12,8877,3468
2014-12-02 10,13,8365,6090
2014-11-28 21,12,10392,6456
2014-12-16 18,3,8365,3311
2014-11-20 11,2,4116,3814
2014-12-08 22,19,1863,100
2014-11-25 12,16,10661,7232
2014-11-30 15,17,5894,4787
2014-12-03 22,6,10585,3527
2014-12-17 20,15,9893,4311
2014-12-06 09,4,5894,216
2014-12-05 01,4,2953,2013
2014-12-16 18,17,8365,2659
2014-11-20 11,14,4116,2832
2014-12-12 15,3,9397,7418
2014-12-13 08,17,10661,1838
2014-12-02 22,3,5894,4334
2014-11-21 20,5,1863,107
2014-11-25 19,9,8877,2338
2014-12-06 09,8,5894,1614
2014-12-12 00,3,2953,2209
2014-11-23 19,7,6648,1585
2014-11-20 17,7,7995,1371
2014-12-14 17,16,6936,2646
2014-12-18 03,8,5399,2087
2014-11-30 15,4,5894,3500
2014-12-03 22,2,10585,2676
2014-12-06 17,15,12368,4594
2014-12-07 08,14,5894,4913
2014-12-09 01,20,2953,2618
2014-11-23 19,6,6648,3645
2014-12-10 13,11,9516,1891
2014-11-30 13,20,6513,2897
2014-12-18 03,5,5399,4146
2014-12-10 00,19,5503,5304
2014-11-28 16,13,1863,1718
2014-12-12 13,12,9893,8881
2014-11-24 21,14,8365,7713
2014-11-19 23,8,11623,843
2014-11-24 13,20,6648,1031
2014-12-10 10,16,9516,3743
2014-11-18 23,4,6576,5500
2014-12-07 23,1,437,322
2014-12-10 23,19,5894,3851
2014-11-21 20,11,1863,414
2014-11-22 18,18,11279,1362
2014-12-08 21,8,5894,5387
2014-11-28 21,18,2953,1531
2014-11-27 10,11,2993,1509
2014-12-17 11,15,1863,242
2014-11-30 21,4,6513,6334
2014-12-04 12,4,6513,3715
2014-11-30 21,16,13230,2155
2014-12-04 18,13,5271,3848
2014-11-23 16,10,11279,2950
2014-11-24 21,2,8365,5141
2014-12-17 09,20,10392,4769
2014-11-27 10,8,2993,603
2014-11-20 17,19,7995,6801
2014-12-13 18,8,6576,1769
2014-12-07 10,3,437,167
2014-12-07 09,11,6513,980
2014-11-22 18,2,4370,1760
2014-12-04 23,9,9807,3533
2014-12-06 10,2,8365,7103
2014-12-01 21,10,2953,1921
2014-12-18 09,20,8771,1642
2014-12-10 17,16,1863,598
2014-11-19 22,12,6576,145
2014-11-25 12,1,10661,3036
2014-11-30 21,15,13230,12223
2014-11-22 18,19,4370,4294
2014-12-09 23,8,512,467
2014-12-16 17,13,5894,4759
2014-12-17 01,1,13230,389
2014-12-13 08,19,4676,2425
2014-11-23 14,11,7995,2993
2014-11-20 19,13,6576,1616
2014-12-16 03,20,5399,1592
2014-12-03 00,5,6513,1198
2014-12-04 09,12,6121,1358
2014-12-10 00,19,512,488
2014-11-25 10,19,5894,4799
2014-11-19 23,8,11623,9249
2014-12-18 09,19,10392,9064
2014-12-08 18,15,13988,7983
2014-11-19 12,18,6576,4850
2014-12-14 21,12,5399,2937
2014-12-05 00,12,13230,1993
2014-12-05 16,1,11311,8256
2014-11-22 17,19,11279,8849
2014-12-17 21,16,8291,5552
2014-12-02 02,8,2953,273
2014-12-15 14,14,6000,4708
2014-11-24 16,7,7995,5520
2014-12-08 22,6,6054,1922
2014-12-18 13,12,9516,844
2014-12-08 00,19,13230,2548
2014-12-18 19,5,2883,573
2014-12-09 23,13,5399,1191
2014-12-05 23,15,8365,3418
2014-12-16 02,3,13230,9949
2014-11-19 17,15,9516,5514
2014-12-10 13,8,9516,487
2014-11-18 23,12,6576,3378
2014-12-18 14,13,5399,2961
2014-11-18 21,12,5503,3010
2014-11-22 19,4,11,10
2014-12-03 22,4,11279,248
2014-11-24 21,14,8365,6665
2014-12-16 02,2,13230,10369
2014-12-09 10,16,9261,2464
2014-12-10 13,2,9516,8407
2014-12-08 22,18,6054,4176
2014-12-16 02,7,5399,4466
2014-11-30 22,11,13230,10859
2014-12-01 10,1,3895,2062
2014-12-12 07,4,9975,7902
2014-12-17 21,7,8291,3836
2014-12-16 02,5,13230,11985
2014-12-10 09,7,9261,1166
2014-12-10 13,14,9516,169
2014-12-16 22,20,3381,1195
2014-12-08 00,8,1863,1497
2014-12-04 22,12,13230,2655
2014-11-21 17,4,13338,6635
2014-12-05 20,9,4468,1527
2014-12-05 23,8,8365,744
2014-12-10 21,17,2953,2635
2014-11-18 14,3,7344,4416
2014-12-10 14,20,9516,2403
2014-12-04 20,20,6054,4637
2014-11-24 23,3,9516,2892
2014-11-30 21,14,13230,8111
2014-12-04 15,5,11552,8865
2014-12-03 21,15,11241,1025
2014-12-06 10,18,8365,4946
2014-11-19 23,8,11623,6775
2014-12-17 19,8,5271,2497
2014-11-21 17,16,10460,1886
2014-11-19 12,1,10961,3422
2014-12-03 23,17,9516,6249
2014-11-30 15,4,13230,10199
2014-12-18 19,2,2883,1054
2014-12-06 22,8,11241,9549
2014-12-15 21,12,8291,4073
2014-12-17 00,15,13230,9791
2014-12-18 13,15,5271,3341
2014-11-21 17,3,10460,3832
2014-12-09 13,17,6054,1815
2014-11-20 12,20,6640,267
2014-11-30 15,1,13230,6501
2014-12-10 15,20,2883,1426
2014-12-06 01,12,11241,5734
2014-12-05 14,20,5232,431
2014-11-19 23,10,11623,9698
2014-12-17 19,9,5271,1299
2014-12-10 14,4,9516,7198
2014-12-11 19,8,6054,4621
2014-12-13 08,19,1083,1056
2014-11-21 02,1,13230,1480
2014-12-18 19,6,2883,1479
2014-12-07 19,15,5908,3688
2014-11-24 21,7,8365,1884
2014-11-19 23,13,11307,8133
2014-12-11 22,13,5894,2351
2014-12-09 15,16,9516,4209
2014-12-12 20,13,12097,9822
2014-11-24 23,7,6640,2422
2014-12-04 15,18,6513,3291
2014-12-06 09,5,11311,10953
2014-12-07 20,5,5908,5185
2014-12-07 08,1,5232,1913
2014-11-25 00,18,6513,6181
2014-12-01 16,9,11623,3515
2014-12-10 10,17,9516,7771
2014-12-11 19,17,6054,1408
2014-12-07 12,19,10901,4864
2014-12-10 23,13,6513,488
2014-12-05 16,10,11311,7036
2014-12-09 23,16,5908,3588
2014-12-17 22,3,2825,439
2014-12-15 18,14,5395,767
2014-12-14 00,14,1863,640
2014-12-12 22,5,4333,1307
2014-11-25 15,19,2825,642
2014-12-17 03,1,5399,830
2014-11-20 23,19,6513,1046
2014-12-12 11,10,10507,10334
2014-12-05 21,13,6513,1982
2014-12-16 17,11,2825,521
2014-11-25 10,4,13230,2139
2014-12-05 01,3,12090,1277
2014-12-08 14,7,6209,6159
2014-12-13 19,11,7146,4939
2014-12-07 11,14,10901,2019
2014-12-03 13,19,13230,4077
2014-12-12 11,11,10507,9774
2014-12-15 21,6,13230,10085
2014-11-24 21,5,8365,5366
2014-11-25 23,1,5399,437
2014-11-29 12,11,5232,563
2014-11-21 15,13,9896,903
2014-12-08 08,3,13670,13422
2014-11-23 22,17,10590,3210
2014-11-18 20,11,9179,6185
2014-12-01 10,6,3895,2222
2014-12-09 23,11,5908,1135
2014-12-16 17,1,2825,1371
2014-12-16 02,3,13230,10908
2014-12-08 16,19,5027,3798
2014-11-23 17,8,9896,3642
2014-11-22 01,9,9899,2615
2014-11-28 21,17,6255,3035
2014-11-30 23,1,1863,1760
2014-12-03 18,9,1838,264
2014-12-04 23,14,3783,1769
2014-11-24 21,5,8365,3628
2014-11-20 00,19,13230,12260
2014-12-14 13,7,5027,3064
2014-11-18 18,17,198,114
2014-11-22 23,3,6828,4919
2014-11-23 22,7,10590,7683
2014-12-05 23,7,1863,1004
2014-11-22 19,7,11,10
2014-12-08 22,17,5399,2003
2014-11-24 21,20,8365,6413
2014-11-20 13,7,3156,491
2014-12-14 20,9,11552,8197
2014-11-25 17,8,6456,4876
2014-12-15 23,14,47,43
2014-12-06 13,16,6255,3726
2014-11-21 02,19,9179,1024
2014-12-03 18,13,3381,2128
2014-12-04 23,11,3783,974
2014-12-01 22,3,2825,2370
2014-11-20 13,7,3156,2678
2014-12-06 11,13,1843,1033
2014-11-28 14,16,6456,660
2014-11-21 22,18,6828,567
2014-12-07 11,13,10590,7605
2014-12-04 13,20,10392,8784
2014-12-05 16,1,11311,4403
2014-12-12 00,1,6321,341
2014-11-24 21,1,8365,427
2014-12-15 00,12,14079,3439
2014-11-28 09,7,8796,2307
2014-11-28 13,18,6456,3122
2014-11-21 22,2,6828,1339
2014-12-07 13,16,10590,5012
2014-12-02 20,11,10392,2993
2014-12-05 16,20,11311,3635
2014-12-08 17,7,3783,1882
2014-12-06 09,3,2825,631
2014-12-07 10,16,5395,5121
2014-12-01 09,5,6363,5893
2014-11-23 11,9,6456,4778
2014-11-22 01,2,7709,366
2014-12-14 09,8,5894,2005
2014-11-21 02,16,9179,439
2014-12-03 20,6,3381,2051
2014-12-08 22,11,10223,9619
2014-12-05 23,8,8365,6528
2014-11-25 00,9,5027,4975
2014-12-15 10,20,4721,2905
2014-11-23 11,11,6456,6088
2014-11-22 01,2,5319,2342
2014-12-07 10,6,10901,3894
2014-12-07 15,12,10392,3566
2014-12-10 15,9,3381,1601
2014-12-04 19,17,1083,152
2014-11-24 21,10,8365,4481
2014-12-12 00,14,5399,5097
2014-12-04 09,2,9720,6096
2014-11-23 11,15,6456,1555
2014-11-27 20,20,47,41
2014-12-17 23,5,5399,918
2014-12-07 20,4,2825,2031
2014-12-05 16,1,11311,2549
2014-11-22 18,7,8664,1422
2014-12-11 23,8,2825,1601
2014-12-11 00,19,5395,4581
2014-12-01 09,9,12421,708
2014-11-25 17,9,6456,4846
2014-11-27 20,19,47,3
2014-12-07 10,16,10901,2750
2014-12-03 01,7,6513,1772
2014-12-05 16,13,11311,3060
2014-12-04 10,8,8664,253
2014-11-24 20,2,2825,2283
2014-12-12 00,4,5027,3457
2014-12-17 19,3,3381,2880
2014-11-23 11,8,6456,4114
2014-12-07 11,8,10590,1572
2014-11-20 23,15,4954,628
2014-12-12 17,10,3381,2212
2014-12-07 22,17,6209,5595
2014-11-19 20,14,2825,478
2014-11-18 23,10,6255,926
2014-12-12 08,11,3424,3231
2014-11-29 21,11,4677,3949
2014-12-01 20,7,10935,4699
2014-11-29 23,15,9517,8588
2014-11-30 23,7,1083,821
2014-12-03 18,11,3381,2067
2014-12-07 09,14,6209,1671
2014-12-06 14,3,8365,4474
2014-12-13 23,8,5027,2620
2014-12-01 13,11,5600,758
2014-12-15 23,15,3628,608
2014-12-08 09,14,3654,2469
2014-12-17 21,9,5027,3783
2014-11-30 23,17,1083,556
2014-12-12 17,20,3381,1938
2014-12-07 09,2,6209,3764
2014-12-03 21,10,2825,2129
2014-12-13 23,4,5027,2452
2014-12-16 10,4,3381,2558
2014-11-26 12,5,3628,2063
2014-11-22 01,13,9899,8607
2014-12-07 07,4,6255,1240
2014-11-30 16,15,13230,3091
2014-12-03 18,3,12067,10588
2014-12-18 23,3,6209,1892
2014-11-24 21,14,8365,7462
2014-12-15 00,15,6513,4591
2014-12-12 11,14,3381,1535
2014-11-25 21,20,13334,7166
2014-11-22 01,8,9899,7612
2014-11-29 23,18,13230,6406
2014-12-07 15,10,10392,7684
2014-12-04 09,3,12067,8929
2014-12-04 12,19,12598,9887
2014-11-25 10,18,5894,5179
2014-12-16 00,6,10894,7933
2014-12-16 10,1,3381,2379
2014-12-15 22,17,9816,2867
2014-12-18 03,3,5027,1918
2014-11-30 22,20,6513,521
2014-12-04 09,1,12067,8577
2014-11-30 17,7,10379,7969
2014-12-01 13,10,14033,10261
2014-12-16 00,18,10894,4040
2014-11-28 09,17,11091,3655
2014-11-26 12,2,5332,1116
2014-11-22 01,17,9899,5831
2014-11-18 00,1,13230,9754
2014-11-30 22,17,6513,2387
2014-12-03 18,14,12067,939
2014-11-23 23,16,10590,417
2014-12-16 17,17,5894,5302
2014-12-14 23,5,10894,8575
2014-12-02 08,10,6307,5013
2014-11-28 17,16,3628,1023
2014-11-22 01,16,9899,6540
2014-12-18 14,10,5027,4579
2014-11-30 23,7,10894,7361
2014-12-04 10,8,3381,1834
2014-12-07 08,1,6991,1158
2014-11-18 20,15,13230,1611
2014-12-01 21,8,5399,1589
2014-12-01 09,20,6307,3860
2014-12-15 22,14,9816,7854
2014-12-17 02,17,6327,4468
2014-12-07 09,13,6513,477
2014-12-03 18,7,12067,5413
2014-12-11 18,4,9589,1594
2014-11-24 20,3,5894,4235
2014-12-15 00,19,6513,415
2014-12-07 11,13,3381,1084
2014-12-15 22,2,9816,2818
2014-12-05 17,3,3368,1324
2014-12-16 02,19,5027,2917
2014-11-30 16,3,5503,2056
2014-12-12 17,3,3381,2097
2014-11-23 19,5,1963,1681
2014-12-08 21,15,5894,4924
2014-12-05 13,16,5399,2301
2014-12-11 10,18,6307,5281
2014-11-19 21,20,1863,772
2014-11-22 00,14,12982,5555
2014-12-18 14,17,5027,3875
2014-11-30 16,10,5503,1544
2014-12-03 18,10,12067,4283
2014-11-22 17,9,6344,3516
2014-11-18 20,14,13230,2858
2014-11-26 01,16,12569,1010
2014-12-06 15,6,3381,1491
2014-11-19 21,20,1863,353
2014-12-12 12,2,10063,5785
2014-12-16 02,16,5027,1254
2014-12-03 13,11,13230,11912
2014-12-03 18,13,12067,762
2014-11-22 17,3,6344,3509
2014-11-24 19,15,13230,4022
2014-11-19 22,4,6255,5686
2014-12-01 20,10,6307,595
2014-12-15 23,5,9816,593
2014-11-22 01,1,12662,901
2014-12-18 23,12,5027,3843
2014-12-16 23,15,11279,8161
2014-12-10 15,2,3381,3249
2014-12-13 08,13,7772,3873
2014-11-25 10,16,5894,3045
2014-11-26 00,6,12569,1850
2014-12-05 11,9,3381,2250
2014-11-30 12,2,552,214
2014-12-15 19,6,8376,1473
2014-11-25 17,19,12721,5825
2014-12-16 23,10,11279,3575
2014-12-04 15,20,3381,2049
2014-12-13 08,16,7772,3842
2014-12-10 19,5,13230,12732
2014-12-07 22,18,12569,1509
2014-11-29 11,11,6307,3357
2014-11-28 18,8,552,173
2014-11-30 23,1,10481,7129
2014-11-19 00,15,9130,8193
2014-11-30 22,18,13230,7753
2014-12-18 19,19,11652,2869
2014-12-09 11,1,7087,5790
2014-12-08 14,8,13230,9404
2014-11-26 01,15,12569,7374
2014-12-02 11,14,6307,4474
2014-11-29 21,19,9086,818
2014-12-18 19,3,508,500
2014-11-25 17,19,12721,2040
2014-12-04 13,14,6513,2069
2014-12-02 18,13,12067,7235
2014-12-07 18,18,12731,7262
2014-12-14 15,2,13230,2777
2014-11-25 00,1,1863,115
2014-12-08 15,13,3381,588
2014-12-02 14,15,2130,1955
2014-11-23 21,1,5065,2891
2014-11-29 15,3,9130,3321
2014-11-30 16,6,6513,1584
2014-11-19 11,16,11652,3200
2014-12-07 15,7,12731,9293
2014-11-18 20,18,13230,6799
2014-11-26 01,11,12569,7827
2014-12-06 11,18,3381,2382
2014-11-28 18,12,552,172
2014-12-02 09,6,10481,2242
2014-12-08 17,11,5232,2193
2014-11-30 22,16,13230,744
2014-12-18 20,20,8095,1153
2014-11-22 17,4,6327,5871
2014-11-26 13,17,9516,2784
2014-11-19 22,13,12569,6454
2014-12-01 11,9,5468,2076
2014-11-28 17,15,8664,6533
2014-12-15 19,1,8376,2517
2014-11-30 03,15,6402,1551
2014-12-14 21,10,6513,5178
2014-12-18 19,11,11652,267
2014-12-15 21,14,10961,1789
2014-12-04 19,19,9516,7064
2014-11-26 01,7,12569,8738
2014-11-28 08,14,3381,1880
2014-11-28 18,7,552,221
2014-12-05 17,1,3064,1057
2014-12-14 15,10,5232,1292
2014-12-03 01,20,6513,4431
2014-12-04 15,18,552,114
2014-12-15 21,2,10961,3854
2014-11-25 22,18,9516,4419
2014-11-21 09,5,5340,3014
2014-12-17 20,20,10275,10151
2014-12-17 13,18,552,410
2014-12-01 22,5,10481,2082
2014-11-26 22,9,12721,12005
2014-12-05 00,4,13230,12904
2014-12-13 08,16,3628,2208
2014-12-08 20,13,11824,1505
2014-12-14 17,1,9247,4366
2014-11-22 18,20,5340,3296
2014-12-04 10,3,11279,3531
2014-12-16 12,14,2993,1296
2014-12-18 19,18,508,344
2014-11-24 23,13,5232,4725
2014-12-14 21,13,6513,214
2014-12-10 15,8,552,229
2014-12-15 21,5,10961,9974
2014-12-08 08,1,9516,3918
2014-12-17 09,1,6255,3585
2014-11-26 11,14,9412,6680
2014-11-30 12,13,552,127
2014-12-18 19,9,508,497
2014-11-25 17,19,12721,6301
2014-11-21 00,9,5232,1880
2014-11-21 17,6,552,135
2014-12-08 17,20,5944,4656
2014-12-11 23,7,9516,3642
2014-12-08 13,10,437,419
2014-11-28 09,15,13001,1771
2014-11-28 18,12,552,327
2014-12-05 10,6,10364,7995
2014-11-26 23,19,12721,1951
2014-11-30 21,1,2825,395
2014-12-04 15,5,552,274
2014-11-22 17,16,3544,3534
2014-12-14 17,15,9247,7561
2014-12-11 00,16,5395,3764
2014-11-30 16,20,1032,767
2014-11-25 21,1,2993,616
2014-12-05 10,10,10364,4372
2014-12-11 19,8,5232,717
2014-11-19 01,1,437,203
2014-12-04 15,3,3628,2767
2014-12-15 21,2,10961,5887
2014-12-14 17,20,9247,7286
2014-12-18 02,14,437,182
2014-11-30 16,15,1032,893
2014-11-25 12,7,2993,318
2014-11-30 23,12,10481,5323
2014-12-07 09,8,215,184
2014-11-23 16,3,3378,371
2014-12-12 17,8,3628,2407
2014-11-22 17,19,3544,2132
2014-12-09 21,16,9516,4047
2014-12-17 00,14,437,251
2014-12-01 18,18,5177,4738
2014-11-29 21,2,11406,2244
2014-11-22 01,7,1604,697
2014-12-04 12,4,6513,967
2014-11-19 01,15,437,324
2014-12-01 12,19,3424,1162
2014-11-22 17,19,3544,473
2014-11-26 22,3,9247,1472
2014-12-18 02,8,437,333
2014-11-25 13,7,5177,1918
2014-11-29 21,9,11406,1688
2014-12-15 20,3,10481,6017
2014-12-03 18,12,3472,498
2014-11-19 01,8,1863,690
2014-12-03 18,11,3424,1967
2014-12-09 23,12,5894,3875
2014-12-14 17,13,9247,3304
2014-11-25 00,20,1863,1440
2014-11-30 16,7,1032,942
2014-11-25 21,7,2993,2117
2014-12-04 01,9,10481,2309
2014-11-24 23,12,3472,2821
2014-12-06 10,13,5438,4389
2014-12-04 08,11,3424,1954
2014-11-23 22,15,3544,1109
2014-12-14 17,13,9247,4824
2014-12-15 01,10,437,338
2014-12-01 08,13,1032,212
2014-11-30 12,8,2993,1400
2014-11-23 21,9,3558,802
2014-11-25 17,11,3472,1372
2014-11-23 16,20,3378,3287
2014-12-17 05,1,3381,1576
2014-11-22 17,19,3544,1619
2014-12-14 17,7,9247,114
2014-12-15 01,9,1863,714
2014-11-25 11,9,13729,7462
2014-11-29 21,11,11406,4237
2014-11-29 11,17,1861,1116
2014-12-03 18,17,3472,3238
2014-12-16 16,4,5065,4588
2014-12-04 08,7,11279,7889
2014-11-25 22,16,3544,1557
2014-12-07 21,6,9516,8721
2014-12-16 01,4,5395,3448
2014-11-30 16,13,1032,460
2014-12-16 12,5,2993,855
2014-11-27 20,1,492,355
2014-11-25 17,13,3472,2533
2014-11-18 10,12,6977,4479
2014-12-16 09,12,11279,1029
2014-12-12 00,11,4676,2738
2014-11-29 09,8,9516,4447
2014-12-17 00,8,1863,1371
2014-11-30 16,14,1032,636
2014-11-25 21,13,2993,1541
2014-12-05 09,18,10481,3304
2014-12-18 13,9,1303,366
2014-11-28 21,13,3378,2309
2014-11-22 08,19,6534,935
2014-11-22 17,10,4676,1078
2014-12-06 14,13,9247,8443
2014-12-17 09,18,6255,1020
2014-11-19 13,5,8685,7033
2014-11-29 21,10,11406,9257
2014-12-04 21,9,10481,4744
2014-12-16 08,3,10894,2158
2014-11-23 16,15,3378,376
2014-12-17 05,17,3381,2027
2014-12-12 00,17,4676,3940
2014-12-10 13,16,9516,8126
2014-12-06 01,2,5395,3967
2014-12-17 20,15,1863,1759
2014-11-25 21,5,2993,909
2014-12-01 00,5,10481,2104
2014-12-10 23,2,10894,7661
2014-11-21 02,13,3381,1433
2014-12-17 05,6,3381,2829
2014-12-12 07,20,4676,2969
2014-12-14 17,13,9247,7562
2014-11-18 23,10,6255,4270
2014-12-17 20,10,1863,1655
2014-11-28 18,10,3064,430
2014-12-02 11,5,10481,7114
2014-12-18 23,10,5027,3578
2014-11-19 10,5,3381,3220
2014-11-22 08,3,6534,2733
2014-12-08 19,15,9516,2098
2014-12-16 21,20,9516,1947
2014-12-17 00,7,1863,1344
2014-11-23 18,2,8685,7988
2014-11-30 12,15,9541,1221
2014-12-04 00,11,10481,6666
2014-12-18 14,7,5027,4232
2014-11-19 01,1,1863,1134
2014-11-23 10,20,11824,5941
2014-12-08 19,3,5027,323
2014-11-29 22,1,9247,7041
2014-11-25 10,4,11834,756
2014-11-19 11,8,8685,3025
2014-12-16 12,3,2993,769
2014-12-05 09,12,10481,6161
2014-11-28 03,16,5271,583
2014-12-03 00,20,4773,236
2014-11-22 08,9,6534,3813
2014-12-08 00,18,12630,1519
2014-12-06 14,15,9516,5842
2014-12-09 01,16,1863,1019
2014-12-07 19,6,5399,1776
2014-11-30 12,20,10223,2369
2014-12-01 01,4,4116,2691
2014-12-15 14,16,11833,711
2014-11-23 16,10,3378,2421
2014-12-01 19,10,11824,3133
2014-12-06 00,4,12630,6606
2014-12-03 21,12,9516,5064
2014-12-17 01,5,1863,1439
2014-12-03 00,17,2811,102
2014-11-25 12,9,2993,2252
2014-12-05 11,9,492,205
2014-11-29 23,7,11279,1354
2014-12-03 00,10,4773,1816
2014-11-22 17,5,6534,6482
2014-12-06 00,10,12630,1886
2014-11-25 22,9,9247,7612
2014-12-10 19,12,5395,3787
2014-12-13 20,15,1610,168
2014-11-24 21,19,2993,2541
2014-12-02 11,19,10481,6837
2014-12-18 14,12,5027,176
2014-12-01 03,13,8678,250
2014-11-22 15,18,6534,1990
2014-12-08 12,18,12630,1825
2014-12-03 21,9,9516,7779
2014-11-28 21,15,11834,2409
2014-11-29 20,5,10209,6089
2014-11-25 21,17,2993,1210
2014-12-02 11,10,10481,1496
2014-12-14 21,13,5027,2865
2014-12-01 03,15,8678,7880
2014-12-01 19,4,11824,3539
2014-12-08 22,2,5503,3596
2014-12-12 08,4,9516,4399
2014-12-16 01,10,5395,4365
2014-11-29 20,16,10209,128
2014-11-25 21,11,2993,2144
2014-12-15 19,19,492,230
2014-12-18 14,3,5027,3824
2014-12-01 03,6,8678,1279
2014-12-01 19,11,11824,831
2014-12-08 00,11,12630,5889
2014-11-29 22,10,9247,6792
2014-11-25 10,11,11834,1856
2014-11-29 13,19,10209,5981
2014-11-29 21,17,4677,3208
2014-12-01 02,2,4116,1935
2014-12-18 14,8,5027,4643
2014-12-01 03,14,8678,1853
2014-11-29 11,15,5399,897
2014-12-07 08,15,5503,801
2014-12-15 20,20,3662,2235
2014-12-15 00,9,6255,5590
2014-12-13 20,14,3956,1855
2014-11-20 13,8,9127,7060
2014-12-02 10,2,492,408
2014-12-07 10,12,5689,5106
2014-11-30 20,13,43,11
2014-11-22 18,18,6534,1130
2014-12-04 22,12,6575,2445
2014-12-06 10,12,3662,2540
2014-12-06 01,7,5395,4372
2014-12-13 20,6,12326,9000
2014-11-20 13,2,9127,1466
2014-12-01 01,7,4116,1015
2014-12-18 13,13,5027,3472
2014-11-23 16,7,3378,281
2014-12-17 05,14,13230,8727
2014-12-04 17,5,6575,164
2014-12-15 20,8,3662,2419
2014-11-18 23,9,6255,2395
2014-12-13 20,15,5399,5341
2014-12-04 00,17,3833,1956
2014-12-02 11,11,10481,4109
2014-12-15 14,6,5027,3402
2014-12-01 23,3,4773,2828
2014-11-30 14,4,8270,945
2014-12-08 19,9,5503,2821
2014-12-08 08,1,9247,6391
2014-12-06 01,5,5395,1656
2014-12-17 20,8,3956,3065
2014-12-09 08,13,11330,6031
2014-12-18 23,2,4333,193
2014-12-02 23,20,5027,2470
2014-12-01 23,1,4773,1055
2014-12-02 22,8,5894,2916
2014-12-05 20,17,5503,2685
2014-12-06 10,11,3662,389
2014-12-17 01,12,1863,1435
2014-12-14 07,14,3956,2075
2014-12-03 15,9,8141,1198
2014-11-21 22,5,3099,2416
2014-12-03 23,14,5689,312
2014-11-21 14,18,1488,705
2014-12-16 22,17,7580,4344
2014-12-14 20,1,6304,1019
2014-12-06 10,3,3662,2967
2014-12-17 09,7,6255,3469
2014-12-17 20,7,1863,549
2014-11-27 03,16,6795,4631
2014-11-23 21,14,4582,2327
2014-12-16 08,13,5689,4514
2014-12-01 02,20,8662,6708
2014-12-06 12,6,10135,4974
2014-12-09 23,16,9397,5852
2014-12-14 20,18,3662,216
2014-12-07 00,16,5232,4954
2014-12-01 07,2,9576,6660
2014-12-12 18,9,13725,9043
2014-12-10 21,19,4830,631
2014-12-18 14,20,5027,4758
2014-12-02 01,6,4773,4744
2014-11-30 15,16,5951,4708
2014-12-16 11,5,6304,1385
2014-11-30 22,14,9247,7272
2014-12-07 22,5,5395,1217
2014-12-17 20,17,5653,3814
2014-12-04 00,18,9179,7151
2014-12-08 09,1,4582,1141
2014-12-18 03,3,5027,397
2014-11-21 02,16,1488,920
2014-12-07 10,14,13230,1855
2014-12-14 22,18,6304,4761
2014-11-26 21,16,9247,8556
2014-11-19 08,18,6255,1189
2014-11-23 12,9,9569,393
2014-12-12 11,2,5631,738
2014-11-27 00,4,4582,1933
2014-12-18 00,5,5027,1115
2014-11-24 21,7,3368,118
2014-11-30 15,11,5951,448
2014-11-18 09,4,6417,4679
2014-11-24 20,8,5653,3033
2014-12-10 19,12,5395,4388
2014-12-17 20,13,5653,3508
2014-12-08 01,17,9856,6241
2014-12-18 19,4,508,386
2014-11-18 00,19,5689,3265
2014-12-02 00,17,4773,2901
2014-11-24 22,4,9559,8032
2014-11-24 19,5,10894,1043
2014-12-11 23,17,5653,5079
2014-12-07 00,17,5232,4363
2014-12-17 20,5,1863,835
2014-12-08 02,2,9899,3112
2014-12-16 23,10,4830,213
2014-12-08 00,6,5027,302
2014-11-28 22,4,12488,11666
2014-11-30 15,1,3064,2171
2014-12-07 08,5,2825,1928
2014-12-12 23,5,11279,6281
2014-12-07 22,13,5027,3279
2014-12-07 07,14,437,202
2014-12-08 01,1,9856,3159
2014-11-27 00,13,4582,1054
2014-12-07 12,12,5204,2623
2014-11-24 22,13,3368,425
2014-12-18 20,2,8332,6880
2014-12-07 08,20,2825,358
2014-12-09 19,14,5653,4175
2014-12-16 01,16,5395,3445
2014-11-29 14,5,10209,2552
2014-12-01 12,15,11481,8003
2014-11-26 23,6,4582,258
2014-11-22 00,13,9807,8179
2014-12-01 03,13,8662,3597
2014-12-08 16,20,11532,10631
2014-12-07 08,6,2825,1612
2014-12-09 11,9,1230,229
2014-12-11 00,14,2825,2603
2014-11-21 20,10,1169,242
2014-12-08 01,18,9899,5788
2014-11-26 23,20,4582,3986
2014-12-15 14,20,1121,790
2014-12-04 12,1,3368,774
2014-12-08 16,16,11532,8241
2014-12-07 13,17,2825,1576
2014-11-18 20,14,11279,2262
2014-12-07 00,18,5232,258
2014-11-21 20,3,1169,875
2014-11-20 14,15,11481,3164
2014-12-15 19,9,4830,4679
2014-11-26 11,1,5204,2241
2014-12-01 03,1,8179,3448
2014-12-06 17,9,9363,5930
2014-12-12 18,7,4560,202
2014-12-10 13,15,1315,1294
2014-11-18 23,15,6255,3760
2014-12-07 19,16,5399,3210
2014-12-02 20,6,11481,3526
2014-11-22 01,11,11330,1568
2014-12-08 00,18,6054,4880
2014-11-19 09,15,12488,656
2014-12-12 19,19,215,153
2014-11-30 17,20,13154,2314
2014-12-18 20,15,1083,630
2014-11-19 08,20,2825,1607
2014-11-19 12,7,5232,525
2014-12-08 01,17,9856,1849
2014-12-15 19,18,4830,486
2014-12-07 12,2,5204,3516
2014-11-27 02,4,6045,1860
2014-12-10 11,13,552,293
2014-12-08 17,20,13154,908
2014-11-18 20,7,11279,7530
2014-11-18 23,18,6255,2526
2014-11-22 19,1,5232,4944
2014-12-08 01,5,9856,1771
2014-12-18 15,3,4333,2963
2014-12-07 10,6,5204,432
2014-12-02 00,15,4773,2524
2014-12-11 19,3,215,169
2014-12-08 17,2,13154,6314
2014-11-18 20,1,11279,5262
2014-11-18 23,1,6255,4771
2014-11-21 20,13,1483,945
2014-11-20 14,10,11481,9497
2014-12-04 16,15,384,124
2014-12-07 11,9,5204,4338
2014-11-19 01,18,1863,1023
2014-12-10 11,16,242,111
2014-11-30 23,6,13154,4709
2014-12-16 17,16,2825,2059
2014-12-10 00,4,5395,1171
2014-11-28 00,14,3264,1117
2014-12-05 21,14,9856,6991
2014-12-04 21,12,384,306
2014-12-07 23,11,6054,2820
2014-12-02 01,18,4773,3059
2014-12-11 19,3,215,114
2014-12-08 11,3,7064,3201
2014-12-07 07,17,2825,1071
2014-12-16 01,2,5395,4573
2014-11-19 08,18,7350,428
2014-12-05 21,11,9899,2773
2014-12-07 21,1,2175,1928
2014-12-12 23,20,6054,4436
2014-11-30 01,14,4773,4146
2014-11-22 18,10,10567,6794
2014-12-17 15,8,10213,4696